Rk,Player,Pos,Age,Tm,G,GS,MP,FG,FGA,FG%,3P,3PA,3P%,2P,2PA,2P%,eFG%,FT,FTA,FT%,ORB,DRB,TRB,AST,STL,BLK,TOV,PF,PTS,Player-additional
1,Trae Young,PG,24,ATL,12,12,422,103,272,.379,28,92,.304,75,180,.417,.430,95,105,.905,11,27,38,112,10,2,45,17,329,youngtr01
2,Onyeka Okongwu,C,22,ATL,12,0,239,45,67,.672,0,1,.000,45,66,.682,.672,10,15,.667,23,45,68,12,7,10,8,38,100,okongon01
3,Dejounte Murray,SG,26,ATL,13,13,476,115,253,.455,25,77,.325,90,176,.511,.504,27,31,.871,12,70,82,104,29,6,31,23,282,murrade01
4,Tyrese Martin,SG,23,ATL,5,0,15,3,5,.600,1,2,.500,2,3,.667,.700,0,0,,1,0,1,0,1,0,0,1,7,martity01
5,Vit Krejci,PG,22,ATL,5,0,13,3,5,.600,2,4,.500,1,1,1.000,.800,0,0,,0,2,2,1,0,0,0,2,8,krejcvi01
6,Frank Kaminsky,C,29,ATL,5,0,28,3,5,.600,0,1,.000,3,4,.750,.600,4,4,1.000,0,6,6,3,0,0,1,7,10,kaminfr01
7,Jalen Johnson,SF,21,ATL,13,0,182,22,49,.449,3,17,.176,19,32,.594,.480,8,12,.667,6,36,42,9,9,3,6,18,55,johnsja05
8,De'Andre Hunter,SF,25,ATL,13,13,384,76,161,.472,18,51,.353,58,110,.527,.528,25,35,.714,10,41,51,12,4,2,18,45,195,huntede01
9,Justin Holiday,SG,33,ATL,13,0,252,31,80,.388,19,56,.339,12,24,.500,.506,0,0,,1,15,16,15,4,4,8,25,81,holidju01
10,Aaron Holiday,PG,26,ATL,13,1,249,25,56,.446,8,16,.500,17,40,.425,.518,8,9,.889,6,11,17,23,10,3,12,21,66,holidaa01
11,AJ Griffin,SF,19,ATL,9,0,109,24,47,.511,11,24,.458,13,23,.565,.628,3,3,1.000,4,10,14,5,6,0,3,8,62,griffaj01
12,Trent Forrest,PG,24,ATL,4,0,14,0,3,.000,0,0,,0,3,.000,.000,0,0,,0,2,2,3,0,0,0,1,0,forretr01
13,Jarrett Culver,SG,23,ATL,1,0,3,0,1,.000,0,0,,0,1,.000,.000,1,2,.500,1,0,1,0,0,0,0,0,1,culveja01
14,John Collins,PF,25,ATL,13,13,408,62,123,.504,9,36,.250,53,87,.609,.541,28,30,.933,19,84,103,14,9,17,18,42,161,collijo01
15,Clint Capela,C,28,ATL,13,13,353,63,108,.583,0,0,,63,108,.583,.583,14,24,.583,55,101,156,8,9,19,15,25,140,capelca01
16,Grant Williams,PF,24,BOS,12,4,338,39,64,.609,20,40,.500,19,24,.792,.766,16,20,.800,9,49,58,23,7,8,9,33,114,willigr01
17,Derrick White,SG,28,BOS,13,10,325,37,89,.416,18,46,.391,19,43,.442,.517,17,20,.850,8,36,44,38,6,12,7,37,109,whitede01
18,Noah Vonleh,C,27,BOS,11,1,125,10,19,.526,1,2,.500,9,17,.529,.553,2,2,1.000,16,20,36,4,2,6,8,25,23,vonleno01
19,Jayson Tatum,PF,24,BOS,13,13,487,135,270,.500,48,124,.387,87,146,.596,.589,102,117,.872,10,84,94,53,10,17,32,29,420,tatumja01
20,Marcus Smart,PG,28,BOS,13,13,428,49,124,.395,20,70,.286,29,54,.537,.476,19,23,.826,3,37,40,91,16,3,20,39,137,smartma01
21,Payton Pritchard,PG,25,BOS,6,0,60,11,25,.440,3,11,.273,8,14,.571,.500,2,4,.500,5,6,11,7,1,0,8,3,27,pritcpa01
22,Luke Kornet,C,27,BOS,9,0,112,11,21,.524,1,3,.333,10,18,.556,.548,7,8,.875,13,16,29,12,2,7,6,13,30,kornelu01
23,Justin Jackson,SF,27,BOS,3,0,15,2,6,.333,2,5,.400,0,1,.000,.500,0,0,,0,1,1,1,0,0,0,2,6,jacksju01
24,Al Horford,C,36,BOS,10,10,314,43,77,.558,22,46,.478,21,31,.677,.701,4,7,.571,9,52,61,21,4,7,7,21,112,horfoal01
25,Sam Hauser,PF,25,BOS,13,0,202,34,66,.515,26,57,.456,8,9,.889,.712,3,4,.750,4,22,26,8,3,3,1,18,97,hausesa01
26,Blake Griffin,PF,33,BOS,6,2,72,8,18,.444,3,8,.375,5,10,.500,.528,5,6,.833,6,12,18,5,2,0,4,10,24,griffbl01
27,JD Davison,PG,20,BOS,1,0,2,0,0,,0,0,,0,0,,,0,0,,0,1,1,1,0,0,0,0,0,davisjd01
28,Jaylen Brown,SF,26,BOS,12,12,437,112,234,.479,30,84,.357,82,150,.547,.543,50,59,.847,12,70,82,39,10,6,35,34,304,brownja02
29,Malcolm Brogdon,PG,30,BOS,11,0,253,53,111,.477,14,38,.368,39,73,.534,.541,31,36,.861,10,32,42,39,6,2,22,14,151,brogdma01
30,Yuta Watanabe,SF,28,BRK,10,0,160,22,37,.595,12,22,.545,10,15,.667,.757,0,2,.000,5,19,24,5,3,6,3,10,56,watanyu01
31,Cam Thomas,SG,21,BRK,8,0,152,21,55,.382,5,13,.385,16,42,.381,.427,22,25,.880,1,12,13,18,6,2,7,9,69,thomaca02
32,Edmond Sumner,SG,27,BRK,11,5,181,27,63,.429,8,25,.320,19,38,.500,.492,19,20,.950,3,18,21,17,11,4,13,14,81,sumneed01
33,Ben Simmons,PG,26,BRK,9,6,245,20,45,.444,0,1,.000,20,44,.455,.444,7,15,.467,10,46,56,53,10,5,20,37,47,simmobe01
34,Day'Ron Sharpe,C,21,BRK,9,0,86,9,20,.450,0,1,.000,9,19,.474,.450,6,10,.600,9,19,28,6,3,5,7,21,24,sharpda01
35,Royce O'Neale,SF,29,BRK,13,13,472,48,126,.381,33,77,.429,15,49,.306,.512,9,12,.750,16,45,61,53,17,9,16,44,138,onealro01
36,Markieff Morris,PF,33,BRK,7,0,57,5,16,.313,5,12,.417,0,4,.000,.469,0,0,,1,11,12,4,2,1,6,8,15,morrima02
37,Patty Mills,PG,34,BRK,13,0,167,23,54,.426,18,43,.419,5,11,.455,.593,10,10,1.000,3,7,10,11,2,1,3,7,74,millspa02
38,Kyrie Irving,PG,30,BRK,8,8,309,78,172,.453,21,75,.280,57,97,.588,.515,38,41,.927,6,35,41,41,11,9,19,24,215,irvinky01
39,Joe Harris,SG,31,BRK,11,7,287,32,80,.400,18,54,.333,14,26,.538,.513,2,5,.400,10,28,38,24,7,3,5,24,84,harrijo01
40,Kessler Edwards,SF,22,BRK,5,0,12,1,5,.200,1,3,.333,0,2,.000,.300,0,0,,0,2,2,2,1,0,0,0,3,edwarke02
41,Kevin Durant,PF,34,BRK,13,13,480,135,257,.525,22,64,.344,113,193,.585,.568,105,114,.921,6,78,84,67,13,25,43,33,397,duranke01
42,David Duke Jr.,SG,23,BRK,7,0,71,12,24,.500,0,4,.000,12,20,.600,.500,3,3,1.000,4,6,10,5,4,0,6,15,27,dukeda01
43,Seth Curry,SG,32,BRK,5,0,97,17,40,.425,11,27,.407,6,13,.462,.563,4,5,.800,1,7,8,11,3,1,2,8,49,curryse01
44,Nic Claxton,C,23,BRK,13,13,368,72,101,.713,0,1,.000,72,100,.720,.713,15,38,.395,39,83,122,17,11,29,20,36,159,claxtni01
45,Patrick Williams,PF,21,CHI,13,13,322,45,101,.446,13,37,.351,32,64,.500,.510,12,13,.923,16,32,48,10,10,14,20,27,115,willipa01
46,Coby White,PG,22,CHI,7,0,153,21,55,.382,10,34,.294,11,21,.524,.473,5,9,.556,1,11,12,12,5,0,6,14,57,whiteco01
47,Nikola Vučević,C,32,CHI,13,13,413,80,169,.473,23,58,.397,57,111,.514,.541,32,35,.914,37,118,155,40,3,11,31,33,215,vucevni01
48,Dalen Terry,SG,20,CHI,7,0,22,2,7,.286,0,2,.000,2,5,.400,.286,0,0,,0,2,2,2,1,2,3,1,4,terryda01
49,Marko Simonovic,C,23,CHI,1,0,2,0,1,.000,0,1,.000,0,0,,.000,0,0,,0,0,0,0,0,0,0,0,0,simonma01
50,Zach LaVine,SG,27,CHI,9,9,303,68,156,.436,29,72,.403,39,84,.464,.529,33,39,.846,4,30,34,37,12,1,19,22,198,lavinza01
51,Derrick Jones Jr.,SF,25,CHI,11,0,158,18,41,.439,3,10,.300,15,31,.484,.476,26,31,.839,13,16,29,7,5,10,2,13,65,jonesde02
52,Malcolm Hill,SF,27,CHI,3,0,1,0,0,,0,0,,0,0,,,0,0,,0,1,1,0,0,0,0,0,0,hillma01
53,Javonte Green,SG,29,CHI,13,0,236,32,58,.552,8,21,.381,24,37,.649,.621,12,15,.800,15,29,44,13,16,10,9,30,84,greenja02
54,Andre Drummond,C,29,CHI,7,0,113,24,45,.533,0,2,.000,24,43,.558,.533,8,12,.667,22,44,66,6,6,3,13,18,56,drumman01
55,Goran Dragić,PG,36,CHI,13,0,247,48,106,.453,21,45,.467,27,61,.443,.552,13,17,.765,8,17,25,44,3,3,17,18,130,dragigo01
56,Ayo Dosunmu,PG,23,CHI,12,12,364,58,116,.500,18,47,.383,40,69,.580,.578,11,11,1.000,5,43,48,38,9,4,20,29,145,dosunay01
57,DeMar DeRozan,SF,33,CHI,13,13,447,108,213,.507,4,19,.211,104,194,.536,.516,98,109,.899,5,48,53,55,16,5,32,33,318,derozde01
58,Alex Caruso,PG,28,CHI,13,5,332,18,55,.327,10,32,.313,8,23,.348,.418,15,20,.750,8,38,46,51,19,13,23,27,61,carusal01
59,Tony Bradley,C,25,CHI,3,0,6,0,1,.000,0,1,.000,0,0,,.000,0,0,,1,3,4,0,0,0,0,0,0,bradlto01
60,Mark Williams,C,21,CHO,3,0,13,4,7,.571,0,0,,4,7,.571,.571,3,3,1.000,4,4,8,0,0,0,2,3,11,willima07
61,P.J. Washington,PF,24,CHO,14,14,436,77,182,.423,24,72,.333,53,110,.482,.489,26,34,.765,16,46,62,21,8,16,26,41,204,washipj01
62,JT Thor,PF,20,CHO,13,0,143,12,38,.316,4,20,.200,8,18,.444,.368,7,9,.778,8,20,28,8,3,5,9,7,35,thorjt01
63,Dennis Smith Jr.,PG,25,CHO,13,11,383,58,125,.464,10,28,.357,48,97,.495,.504,6,11,.545,9,38,47,80,25,8,21,32,132,smithde03
64,Terry Rozier,PG,28,CHO,7,7,252,57,152,.375,25,70,.357,32,82,.390,.457,14,17,.824,11,27,38,39,3,3,17,9,153,roziete01
65,Nick Richards,C,25,CHO,14,0,271,53,83,.639,0,0,,53,83,.639,.639,35,48,.729,40,46,86,11,1,10,11,30,141,richani01
66,Mason Plumlee,C,32,CHO,14,14,368,48,79,.608,0,0,,48,79,.608,.608,31,54,.574,40,83,123,59,6,7,26,46,127,plumlma01
67,Kelly Oubre Jr.,SF,27,CHO,14,14,428,95,226,.420,38,109,.349,57,117,.487,.504,31,45,.689,13,54,67,18,17,5,17,43,259,oubreke01
68,Bryce McGowens,SG,20,CHO,5,0,30,5,9,.556,1,3,.333,4,6,.667,.611,5,5,1.000,0,2,2,1,2,1,1,1,16,mcgowbr01
69,Jalen McDaniels,SF,25,CHO,14,1,369,51,118,.432,20,49,.408,31,69,.449,.517,16,19,.842,16,55,71,34,16,8,19,37,138,mcdanja01
70,Cody Martin,SF,27,CHO,1,0,1,0,0,,0,0,,0,0,,,0,0,,0,0,0,0,0,0,0,0,0,martico01
71,Théo Maledon,PG,21,CHO,13,0,173,20,40,.500,6,18,.333,14,22,.636,.575,7,8,.875,1,26,27,28,5,3,14,12,53,maledth01
72,Kai Jones,C,22,CHO,6,0,26,4,7,.571,1,3,.333,3,4,.750,.643,2,4,.500,0,1,1,2,1,5,0,2,11,joneska01
73,Gordon Hayward,SF,32,CHO,8,8,248,50,106,.472,10,28,.357,40,78,.513,.519,29,37,.784,4,30,34,33,6,2,22,6,139,haywago01
74,James Bouknight,SG,22,CHO,14,0,266,33,97,.340,12,52,.231,21,45,.467,.402,10,16,.625,4,30,34,21,6,4,15,24,88,bouknja01
75,LaMelo Ball,PG,21,CHO,1,1,28,6,17,.353,1,9,.111,5,8,.625,.382,2,2,1.000,0,6,6,6,1,0,2,5,15,ballla01
76,Dean Wade,PF,26,CLE,11,4,251,27,51,.529,18,36,.500,9,15,.600,.706,8,11,.727,5,31,36,11,6,4,4,27,80,wadede01
77,Lamar Stevens,PF,25,CLE,3,0,23,2,5,.400,0,1,.000,2,4,.500,.400,2,2,1.000,0,1,1,0,0,1,1,4,6,stevela01
78,Cedi Osman,SF,27,CLE,12,0,250,36,81,.444,17,45,.378,19,36,.528,.549,13,18,.722,3,24,27,22,1,1,10,24,102,osmande01
79,Isaac Okoro,SG,22,CLE,12,3,176,9,32,.281,0,12,.000,9,20,.450,.281,8,10,.800,2,14,16,4,5,1,10,24,26,okorois01
80,Raul Neto,PG,30,CLE,7,0,86,10,24,.417,3,9,.333,7,15,.467,.479,6,6,1.000,2,10,12,13,4,0,4,6,29,netora01
81,Isaiah Mobley,PF,23,CLE,1,0,4,1,1,1.000,1,1,1.000,0,0,,1.500,0,0,,0,1,1,0,0,0,0,1,3,mobleis01
82,Evan Mobley,PF,21,CLE,12,12,408,77,137,.562,2,11,.182,75,126,.595,.569,32,42,.762,26,59,85,25,10,18,28,36,188,mobleev01
83,Donovan Mitchell,SG,26,CLE,11,11,430,123,240,.513,46,106,.434,77,134,.575,.608,56,64,.875,11,41,52,67,15,7,37,32,348,mitchdo01
84,Kevin Love,PF,34,CLE,12,0,247,45,102,.441,30,73,.411,15,29,.517,.588,24,29,.828,11,81,92,30,2,3,14,14,144,loveke01
85,Robin Lopez,C,34,CLE,7,0,59,11,14,.786,0,0,,11,14,.786,.786,3,5,.600,7,4,11,3,0,2,4,5,25,lopezro01
86,Caris LeVert,SG,28,CLE,12,12,424,55,144,.382,24,57,.421,31,87,.356,.465,32,41,.780,13,44,57,64,10,1,25,33,166,leverca01
87,Darius Garland,PG,23,CLE,6,6,202,32,91,.352,12,39,.308,20,52,.385,.418,21,25,.840,3,11,14,50,8,1,20,15,97,garlada01
88,Mamadi Diakite,PF,26,CLE,2,0,5,1,1,1.000,0,0,,1,1,1.000,1.000,0,0,,0,2,2,0,1,0,0,1,2,diakima01
89,Jarrett Allen,C,24,CLE,12,12,390,69,124,.556,0,2,.000,69,122,.566,.556,30,39,.769,42,96,138,14,5,15,17,27,168,allenja01
90,McKinley Wright IV,PG,24,DAL,1,0,5,1,4,.250,0,1,.000,1,3,.333,.250,0,0,,1,1,2,2,1,0,0,0,2,wrighmc01
91,Christian Wood,PF,27,DAL,10,0,247,58,101,.574,13,31,.419,45,70,.643,.639,30,44,.682,13,62,75,8,5,5,24,28,159,woodch01
92,Dwight Powell,C,31,DAL,9,5,166,23,36,.639,0,1,.000,23,35,.657,.639,11,14,.786,15,19,34,2,6,4,6,20,57,poweldw01
93,Theo Pinson,SG,27,DAL,2,0,7,0,0,,0,0,,0,0,,,2,2,1.000,0,2,2,1,0,0,0,0,2,pinsoth01
94,Frank Ntilikina,PG,24,DAL,1,0,4,0,3,.000,0,3,.000,0,0,,.000,0,0,,0,2,2,1,0,0,0,0,0,ntilila01
95,JaVale McGee,C,35,DAL,10,7,94,16,32,.500,0,0,,16,32,.500,.500,10,17,.588,11,19,30,2,3,5,11,10,42,mcgeeja01
96,Maxi Kleber,C,31,DAL,12,0,311,20,51,.392,9,32,.281,11,19,.579,.480,9,12,.750,11,35,46,11,6,8,8,22,58,klebima01
97,Jaden Hardy,SG,20,DAL,3,0,10,0,5,.000,0,2,.000,0,3,.000,.000,0,0,,0,2,2,1,0,0,2,2,0,hardyja02
98,Tim Hardaway Jr.,SG,30,DAL,11,0,266,39,115,.339,25,75,.333,14,40,.350,.448,26,29,.897,1,19,20,22,7,2,11,14,129,hardati02
99,Josh Green,SG,22,DAL,12,0,226,25,40,.625,11,22,.500,14,18,.778,.763,14,22,.636,11,16,27,11,13,1,9,24,75,greenjo02
100,Dorian Finney-Smith,PF,29,DAL,12,12,390,37,85,.435,18,55,.327,19,30,.633,.541,8,11,.727,14,34,48,9,10,6,15,26,100,finnedo01
101,Tyler Dorsey,SG,26,DAL,1,0,4,4,4,1.000,1,1,1.000,3,3,1.000,1.125,0,0,,1,1,2,0,0,0,0,0,9,dorsety01
102,Luka Dončić,PG,23,DAL,12,12,443,140,282,.496,28,98,.286,112,184,.609,.546,104,139,.748,12,92,104,97,24,8,39,39,412,doncilu01
103,Spencer Dinwiddie,PG,29,DAL,12,12,397,81,165,.491,39,85,.459,42,80,.525,.609,21,26,.808,3,39,42,56,14,2,21,30,222,dinwisp01
104,Facundo Campazzo,PG,31,DAL,3,0,16,1,4,.250,1,3,.333,0,1,.000,.375,0,0,,0,0,0,3,3,0,0,1,3,campafa01
105,Reggie Bullock,SF,31,DAL,12,12,344,19,64,.297,15,51,.294,4,13,.308,.414,3,5,.600,5,30,35,12,14,2,7,35,56,bullore01
106,Jack White,SF,25,DEN,2,0,4,0,0,,0,0,,0,0,,,0,0,,0,1,1,0,1,0,0,0,0,whiteja03
107,Peyton Watson,SG,20,DEN,4,0,9,3,7,.429,0,0,,3,7,.429,.429,0,0,,2,1,3,0,0,0,0,1,6,watsope01
108,Ish Smith,PG,34,DEN,5,0,23,2,8,.250,0,1,.000,2,7,.286,.250,0,0,,0,2,2,2,0,1,4,4,4,smithis01
109,Davon Reed,SG,27,DEN,8,0,47,4,12,.333,3,6,.500,1,6,.167,.458,1,2,.500,0,4,4,1,3,0,8,5,12,reedda01
110,Michael Porter Jr.,SF,24,DEN,11,11,324,67,141,.475,37,80,.463,30,61,.492,.606,14,17,.824,16,60,76,13,6,3,12,32,185,portemi01
111,Zeke Nnaji,PF,22,DEN,7,0,27,5,11,.455,0,3,.000,5,8,.625,.455,2,2,1.000,3,3,6,0,2,0,2,8,12,nnajize01
112,Jamal Murray,PG,25,DEN,11,11,312,69,160,.431,17,49,.347,52,111,.468,.484,16,23,.696,7,33,40,50,10,0,23,7,171,murraja01
113,DeAndre Jordan,C,34,DEN,10,0,131,23,29,.793,1,1,1.000,22,28,.786,.810,9,16,.563,14,37,51,6,1,6,13,15,56,jordade01
114,Nikola Jokić,C,27,DEN,12,12,376,99,166,.596,8,28,.286,91,138,.659,.620,56,64,.875,20,97,117,102,16,8,39,35,262,jokicni01
115,Bones Hyland,PG,22,DEN,9,0,187,40,103,.388,26,52,.500,14,51,.275,.515,20,26,.769,1,14,15,33,6,3,18,17,126,hylanbo01
116,Jeff Green,PF,36,DEN,12,0,239,35,68,.515,5,17,.294,30,51,.588,.551,20,27,.741,10,24,34,14,6,2,11,24,95,greenje02
117,Aaron Gordon,PF,27,DEN,12,12,351,68,119,.571,10,34,.294,58,85,.682,.613,29,47,.617,29,55,84,31,7,11,15,17,175,gordoaa01
118,Vlatko Čančar,PF,25,DEN,5,0,13,1,3,.333,1,2,.500,0,1,.000,.500,0,0,,0,2,2,0,0,0,1,0,3,cancavl01
119,Kentavious Caldwell-Pope,SG,29,DEN,11,11,348,47,92,.511,30,53,.566,17,39,.436,.674,8,11,.727,4,36,40,30,16,4,14,23,132,caldwke01
120,Bruce Brown,PG,26,DEN,12,3,329,46,104,.442,15,37,.405,31,67,.463,.514,11,14,.786,15,25,40,48,10,6,13,22,118,brownbr01
121,Christian Braun,SG,21,DEN,11,0,162,16,34,.471,5,14,.357,11,20,.550,.544,2,4,.500,7,17,24,13,4,2,5,9,39,braunch01
122,Isaiah Stewart,C,21,DET,14,14,394,54,114,.474,16,52,.308,38,62,.613,.544,47,64,.734,42,94,136,19,8,10,14,43,171,stewais01
123,Nerlens Noel,C,28,DET,4,0,54,4,12,.333,0,0,,4,12,.333,.333,3,4,.750,2,13,15,3,3,1,3,5,11,noelne01
124,Rodney McGruder,SG,31,DET,5,0,21,1,7,.143,1,4,.250,0,3,.000,.214,2,2,1.000,2,2,4,1,0,0,0,1,5,mcgruro01
125,Isaiah Livers,PF,24,DET,12,0,227,22,59,.373,18,47,.383,4,12,.333,.525,8,11,.727,9,24,33,6,4,6,7,26,70,liveris01
126,Kevin Knox,SF,23,DET,8,0,65,6,24,.250,2,16,.125,4,8,.500,.292,0,0,,2,6,8,1,1,1,4,10,14,knoxke01
127,Braxton Key,SF,25,DET,2,0,7,1,1,1.000,0,0,,1,1,1.000,1.000,2,2,1.000,0,1,1,0,0,0,0,0,4,keybr01
128,Cory Joseph,PG,31,DET,12,2,149,13,33,.394,7,18,.389,6,15,.400,.500,9,11,.818,2,9,11,29,3,1,5,18,42,josepco01
129,Jaden Ivey,SG,20,DET,13,13,408,74,166,.446,20,57,.351,54,109,.495,.506,37,51,.725,18,48,66,49,18,5,32,35,205,iveyja01
130,Killian Hayes,PG,21,DET,14,1,287,29,98,.296,8,32,.250,21,66,.318,.337,8,10,.800,7,28,35,50,11,4,24,33,74,hayeski01
131,Jalen Duren,C,19,DET,11,0,235,31,56,.554,0,1,.000,31,55,.564,.554,10,26,.385,32,49,81,4,4,14,12,21,72,durenja01
132,Hamidou Diallo,SG,24,DET,14,0,193,29,74,.392,1,8,.125,28,66,.424,.399,20,30,.667,16,26,42,10,7,2,10,30,79,diallha01
133,Cade Cunningham,PG,21,DET,12,12,400,93,224,.415,17,61,.279,76,163,.466,.453,36,43,.837,12,62,74,72,10,7,39,34,239,cunnica01
134,Alec Burks,SG,31,DET,1,0,25,5,12,.417,1,5,.200,4,7,.571,.458,6,8,.750,0,2,2,1,0,0,0,3,17,burksal01
135,Bojan Bogdanović,PF,33,DET,14,14,435,93,184,.505,40,93,.430,53,91,.582,.614,58,63,.921,6,42,48,27,6,0,26,28,284,bogdabo02
136,Buddy Boeheim,PG,23,DET,1,0,1,0,0,,0,0,,0,0,,,0,0,,0,0,0,0,0,0,0,0,0,boehebu01
137,Saddiq Bey,SF,23,DET,14,14,443,69,163,.423,24,78,.308,45,85,.529,.497,64,70,.914,15,49,64,20,12,3,19,25,226,beysa01
138,Marvin Bagley III,PF,23,DET,1,0,17,2,5,.400,0,1,.000,2,4,.500,.400,0,0,,2,2,4,1,0,2,0,0,4,baglema01
139,James Wiseman,C,21,GSW,10,0,138,29,48,.604,0,0,,29,48,.604,.604,15,23,.652,10,30,40,9,1,4,8,26,73,wisemja01
140,Andrew Wiggins,SF,27,GSW,11,11,377,78,159,.491,26,66,.394,52,93,.559,.572,20,27,.741,18,49,67,28,15,13,15,33,202,wiggian01
141,Klay Thompson,SG,32,GSW,10,10,282,53,152,.349,30,93,.323,23,59,.390,.447,9,12,.750,3,27,30,24,5,4,16,18,145,thompkl01
142,Ryan Rollins,PG,20,GSW,4,0,13,2,5,.400,1,2,.500,1,3,.333,.500,2,2,1.000,0,1,1,1,0,0,5,4,7,rolliry01
143,Jordan Poole,SG,23,GSW,12,2,350,62,151,.411,26,81,.321,36,70,.514,.497,35,43,.814,3,17,20,57,13,1,38,29,185,poolejo01
144,Moses Moody,SG,20,GSW,11,1,186,22,54,.407,12,34,.353,10,20,.500,.519,12,15,.800,5,19,24,5,5,5,15,13,68,moodymo01
145,Kevon Looney,C,26,GSW,12,12,289,34,54,.630,0,0,,34,54,.630,.630,9,14,.643,25,57,82,39,4,5,4,39,77,looneke01
146,Anthony Lamb,SF,25,GSW,4,1,85,13,23,.565,6,14,.429,7,9,.778,.696,0,0,,4,10,14,5,4,0,3,12,32,lamban01
147,Jonathan Kuminga,PF,20,GSW,9,1,116,14,35,.400,1,9,.111,13,26,.500,.414,10,12,.833,6,11,17,5,3,2,12,14,39,kuminjo01
148,Ty Jerome,SG,25,GSW,8,0,120,16,30,.533,6,16,.375,10,14,.714,.633,10,10,1.000,1,7,8,15,1,1,2,9,48,jeromty01
149,JaMychal Green,PF,32,GSW,10,0,171,19,44,.432,4,17,.235,15,27,.556,.477,4,5,.800,20,27,47,6,10,5,10,21,46,greenja01
150,Draymond Green,PF,32,GSW,11,11,331,40,69,.580,3,10,.300,37,59,.627,.601,10,17,.588,8,62,70,69,11,6,27,40,93,greendr01
151,Donte DiVincenzo,SG,26,GSW,4,0,58,5,12,.417,2,7,.286,3,5,.600,.500,3,4,.750,0,3,3,6,1,0,7,7,15,divindo01
152,Stephen Curry,PG,34,GSW,11,11,385,123,234,.526,59,134,.440,64,100,.640,.652,61,67,.910,8,67,75,74,12,1,28,25,366,curryst01
153,Patrick Baldwin Jr.,SF,20,GSW,2,0,5,0,1,.000,0,1,.000,0,0,,.000,0,0,,0,0,0,0,0,0,0,0,0,baldwpa01
154,Jae'Sean Tate,SF,27,HOU,3,2,68,10,20,.500,2,5,.400,8,15,.533,.550,3,4,.750,8,5,13,10,3,0,5,15,25,tateja01
155,Jabari Smith Jr.,PF,19,HOU,12,12,356,41,130,.315,20,70,.286,21,60,.350,.392,22,26,.846,18,63,81,10,2,13,15,44,124,smithja05
156,Alperen Şengün,C,20,HOU,11,8,289,64,111,.577,3,13,.231,61,98,.622,.590,46,58,.793,41,59,100,22,8,11,21,37,177,sengual01
157,Kevin Porter Jr.,PG,22,HOU,13,13,455,86,207,.415,25,73,.342,61,134,.455,.476,52,67,.776,19,55,74,76,16,4,53,38,249,porteke02
158,Daishen Nix,PG,20,HOU,11,0,152,13,34,.382,10,22,.455,3,12,.250,.529,3,4,.750,3,11,14,24,9,1,16,9,39,nixda01
159,Garrison Mathews,SG,26,HOU,12,0,150,14,41,.341,14,40,.350,0,1,.000,.512,8,8,1.000,1,9,10,5,3,1,5,15,50,mathega01
160,Kenyon Martin Jr.,SF,22,HOU,13,3,332,55,107,.514,16,47,.340,39,60,.650,.589,20,30,.667,17,48,65,21,6,8,16,29,146,martike04
161,Boban Marjanović,C,34,HOU,5,0,16,2,4,.500,0,0,,2,4,.500,.500,3,5,.600,1,5,6,1,1,0,2,1,7,marjabo01
162,Trevor Hudgins,PG,23,HOU,1,0,4,1,1,1.000,1,1,1.000,0,0,,1.500,0,0,,0,0,0,0,0,0,0,0,3,hudgitr01
163,Jalen Green,SG,20,HOU,13,13,445,100,235,.426,39,104,.375,61,131,.466,.509,44,56,.786,8,44,52,37,10,4,35,21,283,greenja05
164,Eric Gordon,SG,34,HOU,11,11,337,49,108,.454,22,60,.367,27,48,.563,.556,22,27,.815,2,20,22,37,9,5,21,10,142,gordoer01
165,Usman Garuba,PF,20,HOU,11,1,165,16,29,.552,4,5,.800,12,24,.500,.621,5,11,.455,25,36,61,12,10,5,14,19,41,garubus01
166,Bruno Fernando,C,24,HOU,2,2,37,5,6,.833,0,0,,5,6,.833,.833,1,2,.500,5,8,13,9,1,2,1,3,11,fernabr01
167,Tari Eason,PF,21,HOU,13,0,239,41,96,.427,11,25,.440,30,71,.423,.484,15,19,.789,28,36,64,16,20,7,11,31,108,easonta01
168,Josh Christopher,SG,21,HOU,9,0,75,11,30,.367,1,12,.083,10,18,.556,.383,1,2,.500,3,11,14,5,3,0,6,5,24,chrisjo01
169,Myles Turner,C,26,IND,7,7,198,38,75,.507,10,27,.370,28,48,.583,.573,39,46,.848,11,50,61,10,2,22,13,26,125,turnemy01
170,Terry Taylor,SG,23,IND,8,2,94,7,21,.333,2,8,.250,5,13,.385,.381,3,4,.750,6,9,15,5,2,4,1,9,19,taylote01
171,Jalen Smith,PF,22,IND,12,12,286,50,113,.442,16,49,.327,34,64,.531,.513,16,24,.667,21,70,91,13,2,9,19,27,132,smithja04
172,Aaron Nesmith,SF,23,IND,8,4,169,22,53,.415,9,28,.321,13,25,.520,.500,9,11,.818,3,23,26,14,2,7,9,22,62,nesmiaa01
173,Andrew Nembhard,SG,23,IND,11,3,221,27,64,.422,14,35,.400,13,29,.448,.531,5,5,1.000,4,21,25,37,8,1,12,24,73,nembhan01
174,T.J. McConnell,PG,30,IND,11,0,175,20,53,.377,0,2,.000,20,51,.392,.377,2,3,.667,6,19,25,36,13,3,18,13,42,mccontj01
175,Bennedict Mathurin,SG,20,IND,12,0,338,73,160,.456,34,75,.453,39,85,.459,.563,59,71,.831,15,32,47,27,5,1,29,27,239,mathube01
176,James Johnson,PF,35,IND,3,0,44,5,12,.417,1,5,.200,4,7,.571,.458,0,0,,0,7,7,4,1,2,0,10,11,johnsja01
177,Isaiah Jackson,PF,21,IND,12,3,221,40,65,.615,0,1,.000,40,64,.625,.615,23,33,.697,20,45,65,14,6,15,15,32,103,jacksis01
178,Buddy Hield,SG,30,IND,12,12,378,82,175,.469,49,120,.408,33,55,.600,.609,13,15,.867,15,51,66,38,9,5,23,26,226,hieldbu01
179,Tyrese Haliburton,PG,22,IND,12,12,410,87,180,.483,36,84,.429,51,96,.531,.583,36,42,.857,13,44,57,124,22,2,36,16,246,halibty01
180,Chris Duarte,SF,25,IND,9,5,177,28,71,.394,13,38,.342,15,33,.455,.486,11,12,.917,4,15,19,9,1,4,8,16,80,duartch01
181,Oshae Brissett,SF,24,IND,7,0,66,5,17,.294,1,10,.100,4,7,.571,.324,3,4,.750,4,7,11,2,1,0,4,2,14,brissos01
182,Goga Bitadze,C,23,IND,8,0,105,14,27,.519,1,7,.143,13,20,.650,.537,7,14,.500,13,14,27,12,4,4,6,18,36,bitadgo01
183,Ivica Zubac,C,25,LAC,13,13,398,56,92,.609,0,1,.000,56,91,.615,.609,26,43,.605,36,109,145,17,8,29,29,36,138,zubaciv01
184,John Wall,PG,32,LAC,10,0,226,49,113,.434,9,37,.243,40,76,.526,.473,19,33,.576,4,19,23,51,11,3,15,17,126,walljo01
185,Jason Preston,PG,23,LAC,1,0,3,0,1,.000,0,1,.000,0,0,,.000,0,2,.000,0,0,0,0,0,0,0,0,0,prestja01
186,Norman Powell,SG,29,LAC,13,5,329,56,129,.434,14,46,.304,42,83,.506,.488,29,38,.763,5,30,35,17,11,4,25,25,155,powelno01
187,Marcus Morris,PF,33,LAC,11,11,346,65,132,.492,25,63,.397,40,69,.580,.587,7,7,1.000,6,60,66,24,10,4,12,28,162,morrima03
188,Terance Mann,SG,26,LAC,13,5,232,36,62,.581,5,20,.250,31,42,.738,.621,6,11,.545,8,30,38,18,7,4,11,21,83,mannte01
189,Kawhi Leonard,SF,31,LAC,2,0,42,8,18,.444,1,6,.167,7,12,.583,.472,8,9,.889,4,9,13,4,3,0,4,5,25,leonaka01
190,Luke Kennard,SG,26,LAC,12,5,268,38,74,.514,21,44,.477,17,30,.567,.655,3,3,1.000,4,35,39,7,6,0,13,18,100,kennalu01
191,Reggie Jackson,PG,32,LAC,13,13,382,50,127,.394,15,52,.288,35,75,.467,.453,16,17,.941,4,25,29,54,9,1,27,22,131,jacksre01
192,Paul George,SF,32,LAC,12,12,428,105,227,.463,34,97,.351,71,130,.546,.537,52,62,.839,5,66,71,54,18,7,43,32,296,georgpa01
193,Moussa Diabaté,PF,21,LAC,2,0,6,1,1,1.000,0,0,,1,1,1.000,1.000,1,1,1.000,0,2,2,1,1,0,0,0,3,diabamo01
194,Robert Covington,PF,32,LAC,7,0,100,9,21,.429,5,14,.357,4,7,.571,.548,6,6,1.000,1,22,23,8,3,5,4,16,29,covinro01
195,Amir Coffey,SG,25,LAC,11,0,88,6,17,.353,1,4,.250,5,13,.385,.382,13,16,.813,2,6,8,5,3,1,2,6,26,coffeam01
196,Moses Brown,C,23,LAC,7,0,27,8,11,.727,0,0,,8,11,.727,.727,2,5,.400,3,7,10,0,0,3,0,4,18,brownmo01
197,Brandon Boston Jr.,SG,21,LAC,5,0,16,5,10,.500,2,3,.667,3,7,.429,.600,1,2,.500,1,1,2,0,0,0,0,1,13,bostobr01
198,Nicolas Batum,PF,34,LAC,13,1,229,15,42,.357,9,30,.300,6,12,.500,.464,7,9,.778,10,40,50,20,5,12,11,31,46,batumni01
199,Russell Westbrook,PG,34,LAL,11,3,324,64,150,.427,17,47,.362,47,103,.456,.483,37,46,.804,13,47,60,74,14,4,41,29,182,westbru01
200,Lonnie Walker IV,SG,24,LAL,10,10,311,59,129,.457,16,51,.314,43,78,.551,.519,23,29,.793,5,21,26,19,12,7,12,21,157,walkelo01
201,Juan Toscano-Anderson,SF,29,LAL,9,0,121,9,24,.375,2,11,.182,7,13,.538,.417,4,5,.800,1,20,21,5,2,3,7,16,24,toscaju01
202,Cole Swider,SF,23,LAL,1,0,2,0,1,.000,0,1,.000,0,0,,.000,0,0,,0,1,1,1,0,0,0,0,0,swideco01
203,Matt Ryan,SF,25,LAL,9,0,115,14,41,.341,12,29,.414,2,12,.167,.488,4,5,.800,2,10,12,3,2,0,3,13,44,ryanma01
204,Austin Reaves,SG,24,LAL,12,3,317,29,63,.460,10,32,.313,19,31,.613,.540,27,30,.900,9,32,41,18,6,4,13,14,95,reaveau01
205,Scotty Pippen Jr.,PG,22,LAL,2,0,8,0,2,.000,0,0,,0,2,.000,.000,3,4,.750,1,1,2,0,0,0,1,2,3,pippesc02
206,Kendrick Nunn,PG,27,LAL,10,2,138,21,64,.328,8,32,.250,13,32,.406,.391,2,3,.667,1,14,15,12,2,1,15,8,52,nunnke01
207,Damian Jones,C,27,LAL,9,1,75,10,21,.476,0,1,.000,10,20,.500,.476,7,10,.700,9,15,24,3,1,4,5,10,27,jonesda03
208,LeBron James,PF,38,LAL,10,10,357,100,219,.457,17,71,.239,83,148,.561,.495,32,48,.667,18,70,88,69,11,7,34,20,249,jamesle01
209,Wenyen Gabriel,PF,25,LAL,10,2,134,18,28,.643,0,4,.000,18,24,.750,.643,7,10,.700,7,21,28,8,8,6,7,22,43,gabriwe01
210,Anthony Davis,C,29,LAL,11,11,381,101,189,.534,4,16,.250,97,173,.561,.545,48,63,.762,33,83,116,28,16,22,18,32,254,davisan02
211,Max Christie,SG,19,LAL,7,0,71,8,16,.500,6,11,.545,2,5,.400,.688,3,4,.750,1,11,12,4,3,0,2,4,25,chrisma02
212,Troy Brown Jr.,SF,23,LAL,10,8,266,37,85,.435,13,41,.317,24,44,.545,.512,8,8,1.000,9,43,52,8,7,0,10,22,95,browntr01
213,Patrick Beverley,PG,34,LAL,10,10,284,14,49,.286,8,30,.267,6,19,.316,.367,13,14,.929,9,28,37,28,12,4,9,30,49,beverpa01
214,Vince Williams Jr.,SG,22,MEM,3,0,18,1,6,.167,0,5,.000,1,1,1.000,.167,0,0,,1,2,3,2,2,1,0,4,2,willivi01
215,Xavier Tillman Sr.,PF,24,MEM,8,0,91,12,23,.522,1,4,.250,11,19,.579,.543,3,9,.333,11,12,23,6,0,2,7,8,28,tillmxa01
216,David Roddy,PF,21,MEM,13,0,223,26,72,.361,11,41,.268,15,31,.484,.438,6,8,.750,11,22,33,9,7,4,6,21,69,roddyda01
217,Ja Morant,PG,23,MEM,12,12,395,121,252,.480,25,61,.410,96,191,.503,.530,78,99,.788,13,59,72,84,12,4,48,23,345,moranja01
218,Kenneth Lofton Jr.,PF,20,MEM,3,0,14,4,9,.444,0,1,.000,4,8,.500,.444,1,3,.333,1,1,2,1,0,0,0,3,9,loftoke01
219,Jake LaRavia,PF,21,MEM,10,0,180,20,42,.476,13,29,.448,7,13,.538,.631,5,5,1.000,9,26,35,5,5,2,6,25,58,laravja01
220,John Konchar,SG,26,MEM,12,4,299,31,68,.456,18,45,.400,13,23,.565,.588,1,2,.500,19,44,63,13,12,4,6,18,81,konchjo01
221,Tyus Jones,PG,26,MEM,13,1,290,56,122,.459,18,51,.353,38,71,.535,.533,6,11,.545,4,17,21,50,7,1,14,6,136,jonesty01
222,Brandon Clarke,PF,26,MEM,13,1,237,53,78,.679,0,5,.000,53,73,.726,.679,25,33,.758,10,39,49,19,4,11,16,34,131,clarkbr01
223,Kennedy Chandler,PG,20,MEM,5,0,46,4,14,.286,0,3,.000,4,11,.364,.286,1,4,.250,0,3,3,10,2,2,5,2,9,chandke01
224,Dillon Brooks,SG,27,MEM,10,10,292,59,141,.418,21,53,.396,38,88,.432,.493,13,19,.684,4,31,35,21,7,2,13,31,152,brookdi01
225,Desmond Bane,SG,24,MEM,12,12,403,99,213,.465,46,102,.451,53,111,.477,.573,52,57,.912,6,53,59,57,7,3,27,29,296,banede01
226,Santi Aldama,PF,22,MEM,13,13,359,47,103,.456,14,47,.298,33,56,.589,.524,14,22,.636,24,56,80,11,12,14,8,34,122,aldamsa01
227,Steven Adams,C,29,MEM,12,12,323,34,57,.596,0,0,,34,57,.596,.596,9,29,.310,62,76,138,29,9,16,27,32,77,adamsst01
228,Gabe Vincent,PG,26,MIA,13,0,337,44,110,.400,19,61,.311,25,49,.510,.486,20,24,.833,4,24,28,38,13,2,18,35,127,vincega01
229,Max Strus,SF,26,MIA,13,6,424,73,157,.465,41,106,.387,32,51,.627,.596,14,17,.824,9,42,51,25,10,5,12,34,201,strusma01
230,Dru Smith,SG,25,MIA,1,0,6,1,3,.333,0,2,.000,1,1,1.000,.333,0,0,,0,1,1,0,1,0,0,1,2,smithdr01
231,Duncan Robinson,SF,28,MIA,13,0,226,29,84,.345,19,62,.306,10,22,.455,.458,7,8,.875,3,28,31,18,1,0,5,24,84,robindu01
232,Caleb Martin,PF,27,MIA,12,12,340,40,94,.426,9,28,.321,31,66,.470,.473,8,11,.727,23,30,53,21,15,1,11,26,97,martica02
233,Kyle Lowry,PG,36,MIA,13,13,455,50,124,.403,28,82,.341,22,42,.524,.516,41,45,.911,8,55,63,75,15,6,26,36,169,lowryky01
234,Nikola Jović,PF,19,MIA,4,0,24,4,8,.500,1,4,.250,3,4,.750,.563,0,0,,1,1,2,1,2,0,2,5,9,jovicni01
235,Haywood Highsmith,SF,26,MIA,6,0,29,1,6,.167,0,4,.000,1,2,.500,.167,0,0,,0,4,4,0,3,0,3,1,2,highsha01
236,Tyler Herro,SG,23,MIA,10,10,314,72,154,.468,24,64,.375,48,90,.533,.545,28,31,.903,6,58,64,26,7,6,21,16,196,herroty01
237,Udonis Haslem,PF,42,MIA,2,0,10,1,3,.333,0,0,,1,3,.333,.333,1,2,.500,0,2,2,0,0,1,0,1,3,hasleud01
238,Dewayne Dedmon,C,33,MIA,11,0,133,23,42,.548,5,13,.385,18,29,.621,.607,13,16,.813,9,28,37,8,1,4,6,24,64,dedmode01
239,Jamal Cain,SF,23,MIA,1,0,2,1,1,1.000,1,1,1.000,0,0,,1.500,0,0,,0,0,0,0,1,0,0,0,3,cainja01
240,Jimmy Butler,SF,33,MIA,11,11,391,76,156,.487,10,27,.370,66,129,.512,.519,81,91,.890,22,50,72,67,21,2,17,16,243,butleji01
241,Bam Adebayo,C,25,MIA,13,13,454,95,178,.534,0,4,.000,95,174,.546,.534,47,55,.855,28,90,118,46,16,11,47,46,237,adebaba01
242,Bobby Portis,PF,27,MIL,12,3,321,64,143,.448,16,46,.348,48,97,.495,.503,16,20,.800,33,99,132,24,5,3,13,14,160,portibo01
243,Jordan Nwora,SF,24,MIL,12,1,215,23,78,.295,11,37,.297,12,41,.293,.365,13,13,1.000,11,38,49,10,4,1,10,12,70,nworajo01
244,Wesley Matthews,SG,36,MIL,12,0,200,14,45,.311,11,35,.314,3,10,.300,.433,5,6,.833,13,17,30,8,9,4,6,21,44,matthwe02
245,Sandro Mamukelashvili,C,23,MIL,4,0,23,2,9,.222,1,5,.200,1,4,.250,.278,0,0,,2,5,7,0,0,0,1,1,5,mamuksa01
246,Brook Lopez,C,34,MIL,12,12,376,73,150,.487,28,77,.364,45,73,.616,.580,15,19,.789,26,51,77,12,8,32,20,31,189,lopezbr01
247,Serge Ibaka,PF,33,MIL,10,0,116,16,31,.516,4,10,.400,12,21,.571,.581,7,11,.636,10,23,33,3,0,6,7,15,43,ibakase01
248,Jrue Holiday,PG,32,MIL,10,10,331,74,168,.440,24,67,.358,50,101,.495,.512,24,28,.857,13,44,57,79,15,7,29,17,196,holidjr01
249,George Hill,PG,36,MIL,12,0,272,20,53,.377,6,26,.231,14,27,.519,.434,20,28,.714,5,16,21,31,5,1,8,18,66,hillge01
250,A.J. Green,SG,23,MIL,1,0,2,0,0,,0,0,,0,0,,,0,0,,0,0,0,1,0,0,0,0,0,greenaj01
251,Jevon Carter,PG,27,MIL,12,12,319,41,96,.427,22,52,.423,19,44,.432,.542,6,8,.750,7,22,29,37,19,8,19,36,110,carteje01
252,MarJon Beauchamp,SF,22,MIL,9,3,147,21,56,.375,9,33,.273,12,23,.522,.455,4,7,.571,8,21,29,3,6,1,10,19,55,beaucma01
253,Thanasis Antetokounmpo,SF,30,MIL,6,0,18,0,1,.000,0,0,,0,1,.000,.000,0,0,,1,4,5,1,0,1,1,2,0,antetth01
254,Giannis Antetokounmpo,PF,28,MIL,9,9,295,103,190,.542,8,30,.267,95,160,.594,.563,72,111,.649,17,93,110,48,10,13,30,26,286,antetgi01
255,Grayson Allen,SG,27,MIL,11,10,295,35,83,.422,23,54,.426,12,29,.414,.560,26,28,.929,8,23,31,30,9,3,19,19,119,allengr01
256,Karl-Anthony Towns,PF,27,MIN,13,13,444,95,190,.500,26,73,.356,69,117,.590,.568,53,58,.914,25,92,117,70,8,8,39,49,269,townska01
257,D'Angelo Russell,PG,26,MIN,13,13,386,61,162,.377,23,77,.299,38,85,.447,.448,27,36,.750,11,35,46,76,17,8,40,26,172,russeda01
258,Austin Rivers,SG,30,MIN,6,0,43,2,9,.222,1,5,.200,1,4,.250,.278,4,4,1.000,0,4,4,2,0,1,1,0,9,riverau01
259,Naz Reid,C,23,MIN,9,0,118,31,53,.585,6,20,.300,25,33,.758,.642,8,12,.667,6,18,24,3,4,7,7,17,76,reidna01
260,Taurean Prince,SF,28,MIN,13,0,256,37,76,.487,18,43,.419,19,33,.576,.605,6,7,.857,5,29,34,14,4,3,12,33,98,princta02
261,Jaylen Nowell,SG,23,MIN,13,0,239,57,138,.413,16,52,.308,41,86,.477,.471,13,17,.765,8,30,38,30,7,2,13,18,143,nowelja01
262,Wendell Moore Jr.,SG,21,MIN,1,0,2,0,1,.000,0,1,.000,0,0,,.000,0,0,,0,0,0,0,0,0,1,0,0,moorewe01
263,Jordan McLaughlin,PG,26,MIN,11,0,172,14,36,.389,2,18,.111,12,18,.667,.417,6,6,1.000,2,18,20,40,6,1,6,6,36,mclaujo01
264,Jaden McDaniels,PF,22,MIN,13,13,383,57,100,.570,12,34,.353,45,66,.682,.630,22,27,.815,18,27,45,16,16,17,21,47,148,mcdanja02
265,Nathan Knight,PF,25,MIN,5,0,13,1,2,.500,0,1,.000,1,1,1.000,.500,1,1,1.000,0,5,5,0,2,0,1,2,3,knighna01
266,Rudy Gobert,C,30,MIN,11,11,355,56,89,.629,0,2,.000,56,87,.644,.629,41,59,.695,46,96,142,11,6,17,17,31,153,goberru01
267,Bryn Forbes,SG,29,MIN,8,0,87,9,29,.310,4,14,.286,5,15,.333,.379,4,4,1.000,3,2,5,8,7,0,3,5,26,forbebr01
268,Anthony Edwards,SG,21,MIN,13,13,474,106,230,.461,33,94,.351,73,136,.537,.533,38,57,.667,7,65,72,51,15,3,39,39,283,edwaran01
269,Kyle Anderson,PF,29,MIN,9,2,172,20,35,.571,4,11,.364,16,24,.667,.629,11,13,.846,4,22,26,24,7,5,8,9,55,anderky01
270,Zion Williamson,PF,22,NOP,11,11,354,99,175,.566,3,6,.500,96,169,.568,.574,58,81,.716,23,47,70,43,12,3,30,30,259,willizi01
271,Jonas Valančiūnas,C,30,NOP,13,13,316,65,129,.504,6,16,.375,59,113,.522,.527,44,52,.846,43,88,131,27,7,4,17,28,180,valanjo01
272,Garrett Temple,SG,36,NOP,2,0,21,2,4,.500,2,4,.500,0,0,,.750,0,0,,0,1,1,1,1,0,0,2,6,templga01
273,Dereon Seabron,SG,22,NOP,2,0,3,0,0,,0,0,,0,0,,,0,0,,0,0,0,0,0,0,0,0,0,seabrde01
274,Larry Nance Jr.,PF,30,NOP,12,0,278,50,75,.667,4,8,.500,46,67,.687,.693,8,12,.667,21,47,68,27,10,6,14,27,112,nancela02
275,Trey Murphy III,SF,22,NOP,13,4,371,50,107,.467,28,71,.394,22,36,.611,.598,21,22,.955,17,41,58,18,12,5,10,24,149,murphtr02
276,CJ McCollum,SG,31,NOP,13,13,467,93,238,.391,24,86,.279,69,152,.454,.441,22,28,.786,13,58,71,82,18,8,28,25,232,mccolcj01
277,Naji Marshall,SF,25,NOP,13,4,256,34,77,.442,10,27,.370,24,50,.480,.506,12,17,.706,13,24,37,18,9,3,12,18,90,marshna01
278,Herbert Jones,SF,24,NOP,9,9,269,33,71,.465,2,18,.111,31,53,.585,.479,26,33,.788,12,20,32,18,10,5,9,33,94,joneshe01
279,Brandon Ingram,SF,25,NOP,9,9,293,71,147,.483,15,32,.469,56,115,.487,.534,36,44,.818,5,47,52,36,8,8,28,25,193,ingrabr01
280,Willy Hernangómez,C,28,NOP,3,0,26,5,11,.455,0,2,.000,5,9,.556,.455,2,2,1.000,4,8,12,1,1,0,5,3,12,hernawi01
281,Jaxson Hayes,C,22,NOP,5,0,37,1,5,.200,0,2,.000,1,3,.333,.200,0,2,.000,1,4,5,3,1,1,1,5,2,hayesja02
282,Devonte' Graham,PG,27,NOP,13,0,213,20,53,.377,17,42,.405,3,11,.273,.538,7,10,.700,1,14,15,31,7,3,6,11,64,grahade01
283,Dyson Daniels,PG,19,NOP,5,0,47,7,12,.583,3,5,.600,4,7,.571,.708,4,6,.667,3,8,11,6,3,2,3,4,21,daniedy01
284,Jose Alvarado,PG,24,NOP,13,2,244,38,81,.469,18,43,.419,20,38,.526,.580,6,9,.667,5,21,26,36,12,2,17,26,100,alvarjo01
285,Obi Toppin,PF,24,NYK,12,0,216,46,99,.465,20,52,.385,26,47,.553,.566,9,9,1.000,11,38,49,14,8,3,11,11,121,toppiob01
286,Jericho Sims,C,24,NYK,7,2,62,7,7,1.000,0,0,,7,7,1.000,1.000,1,2,.500,7,9,16,0,1,6,2,13,15,simsje01
287,Derrick Rose,PG,34,NYK,12,0,156,28,75,.373,11,32,.344,17,43,.395,.447,7,7,1.000,4,19,23,24,5,2,13,7,74,rosede01
288,Mitchell Robinson,C,24,NYK,9,8,174,23,33,.697,0,0,,23,33,.697,.697,6,14,.429,28,23,51,8,3,18,5,29,52,robinmi01
289,Cam Reddish,SF,23,NYK,12,4,245,31,76,.408,11,34,.324,20,42,.476,.480,9,11,.818,3,18,21,12,5,5,8,22,82,reddica01
290,Julius Randle,PF,28,NYK,12,12,401,83,182,.456,22,69,.319,61,113,.540,.516,58,77,.753,30,78,108,41,8,3,37,44,246,randlju01
291,Immanuel Quickley,PG,23,NYK,12,0,255,31,89,.348,13,46,.283,18,43,.419,.421,15,19,.789,8,55,63,37,12,1,18,20,90,quickim01
292,Svi Mykhailiuk,SF,25,NYK,3,0,6,3,3,1.000,3,3,1.000,0,0,,1.500,0,1,.000,0,2,2,0,0,0,1,0,9,mykhasv01
293,Miles McBride,PG,22,NYK,4,0,10,0,2,.000,0,2,.000,0,0,,.000,0,2,.000,0,0,0,2,0,0,0,1,0,mcbrimi01
294,Trevor Keels,SG,19,NYK,1,0,1,0,1,.000,0,1,.000,0,0,,.000,0,0,,0,1,1,0,0,0,0,0,0,keelstr01
295,Isaiah Hartenstein,C,24,NYK,12,2,303,39,71,.549,2,12,.167,37,59,.627,.563,8,10,.800,43,58,101,11,8,16,13,36,88,harteis01
296,Quentin Grimes,SG,22,NYK,4,1,32,3,7,.429,2,6,.333,1,1,1.000,.571,2,2,1.000,1,2,3,2,0,1,2,6,10,grimequ01
297,Evan Fournier,SG,30,NYK,12,7,240,31,85,.365,19,54,.352,12,31,.387,.476,9,11,.818,2,25,27,20,8,3,14,27,90,fournev01
298,Jalen Brunson,PG,26,NYK,12,12,401,88,180,.489,15,49,.306,73,131,.557,.531,46,54,.852,5,40,45,82,12,2,20,29,237,brunsja01
299,RJ Barrett,SG,22,NYK,12,12,422,87,198,.439,22,70,.314,65,128,.508,.495,46,59,.780,12,57,69,37,6,2,27,24,242,barrerj01
300,Ryan Arcidiacono,PG,28,NYK,3,0,6,0,1,.000,0,1,.000,0,0,,.000,0,0,,0,2,2,1,1,0,0,1,0,arcidry01
301,Kenrich Williams,PF,28,OKC,11,2,227,29,59,.492,6,21,.286,23,38,.605,.542,2,7,.286,24,25,49,17,6,2,4,23,66,willike04
302,Jaylin Williams,PF,20,OKC,2,0,13,3,7,.429,0,1,.000,3,6,.500,.429,0,1,.000,4,3,7,2,1,0,0,2,6,willija07
303,Jalen Williams,SG,21,OKC,8,2,172,27,52,.519,3,15,.200,24,37,.649,.548,5,5,1.000,3,16,19,22,9,3,10,20,62,willija06
304,Aaron Wiggins,SG,24,OKC,9,4,193,20,48,.417,6,19,.316,14,29,.483,.479,11,14,.786,7,31,38,18,5,4,8,14,57,wiggiaa01
305,Lindy Waters III,SG,25,OKC,2,0,16,1,6,.167,1,6,.167,0,0,,.250,0,0,,1,1,2,0,0,0,0,0,3,waterli01
306,Jeremiah Robinson-Earl,PF,22,OKC,11,9,189,31,65,.477,14,35,.400,17,30,.567,.585,7,11,.636,10,30,40,9,11,4,5,18,83,robinje02
307,Aleksej Pokusevski,PF,21,OKC,10,6,238,36,84,.429,12,35,.343,24,49,.490,.500,7,13,.538,19,36,55,15,8,16,16,16,91,pokusal01
308,Eugene Omoruyi,SF,25,OKC,6,0,69,15,26,.577,6,11,.545,9,15,.600,.692,7,11,.636,5,7,12,2,1,0,4,17,43,omorueu01
309,Mike Muscala,C,31,OKC,10,1,140,25,59,.424,11,37,.297,14,22,.636,.517,11,14,.786,7,37,44,6,0,5,5,18,72,muscami01
310,Tre Mann,PG,21,OKC,12,4,310,54,134,.403,23,70,.329,31,64,.484,.489,10,16,.625,10,30,40,29,12,1,13,23,141,manntr01
311,Isaiah Joe,SG,23,OKC,9,0,43,10,18,.556,6,13,.462,4,5,.800,.722,4,4,1.000,0,6,6,5,1,1,0,4,30,joeis01
312,Shai Gilgeous-Alexander,SG,24,OKC,11,11,395,125,232,.539,10,30,.333,115,202,.569,.560,76,81,.938,10,38,48,60,22,16,34,28,336,gilgesh01
313,Josh Giddey,SG,20,OKC,9,9,263,54,122,.443,9,29,.310,45,93,.484,.480,6,10,.600,15,48,63,45,5,5,30,20,123,giddejo01
314,Luguentz Dort,SG,23,OKC,12,12,368,54,147,.367,16,67,.239,38,80,.475,.422,28,38,.737,18,35,53,31,19,3,11,40,152,dortlu01
315,Ousmane Dieng,SF,19,OKC,9,0,135,12,36,.333,5,22,.227,7,14,.500,.403,1,2,.500,3,17,20,15,1,2,3,5,30,diengou01
316,Darius Bazley,PF,22,OKC,11,0,184,27,64,.422,7,18,.389,20,46,.435,.477,5,11,.455,18,34,52,17,9,14,6,16,66,bazleda01
317,Franz Wagner,SF,21,ORL,13,13,444,96,196,.490,12,52,.231,84,144,.583,.520,34,40,.850,14,38,52,59,11,4,36,29,238,wagnefr01
318,Jalen Suggs,PG,21,ORL,8,7,230,39,85,.459,10,36,.278,29,49,.592,.518,16,26,.615,5,17,22,39,14,3,25,29,104,suggsja01
319,Admiral Schofield,PF,25,ORL,5,0,32,3,6,.500,2,5,.400,1,1,1.000,.667,0,0,,0,5,5,0,0,0,0,5,8,schofad01
320,Terrence Ross,SG,31,ORL,12,8,321,47,102,.461,22,52,.423,25,50,.500,.569,6,9,.667,5,27,32,16,8,3,11,26,122,rosste01
321,Chuma Okeke,PF,24,ORL,13,2,261,24,58,.414,14,40,.350,10,18,.556,.534,13,17,.765,18,40,58,22,5,6,8,23,75,okekech01
322,Caleb Houstan,SF,20,ORL,9,0,157,9,26,.346,5,17,.294,4,9,.444,.442,5,6,.833,3,13,16,4,2,1,4,13,28,houstca01
323,Kevon Harris,SG,25,ORL,9,0,122,10,31,.323,4,11,.364,6,20,.300,.387,11,14,.786,8,13,21,5,4,0,8,16,35,harrike01
324,R.J. Hampton,PG,21,ORL,11,0,168,24,46,.522,11,20,.550,13,26,.500,.641,13,14,.929,6,12,18,15,8,4,11,14,72,hamptrj01
325,Wendell Carter Jr.,C,23,ORL,13,13,427,73,145,.503,14,42,.333,59,103,.573,.552,48,57,.842,29,94,123,40,8,6,33,43,208,cartewe01
326,Bol Bol,PF,23,ORL,13,8,306,59,88,.670,10,19,.526,49,69,.710,.727,21,25,.840,17,80,97,7,2,25,23,21,149,bolbo01
327,Paolo Banchero,PF,20,ORL,11,11,381,89,193,.461,11,43,.256,78,150,.520,.490,70,91,.769,9,82,91,40,8,10,33,26,259,banchpa01
328,Mo Bamba,C,24,ORL,12,0,175,30,59,.508,8,27,.296,22,32,.688,.576,7,12,.583,8,36,44,12,2,8,8,23,75,bambamo01
329,Cole Anthony,PG,22,ORL,4,3,122,22,53,.415,7,20,.350,15,33,.455,.481,11,15,.733,3,16,19,17,3,3,8,14,62,anthoco01
330,P.J. Tucker,PF,37,PHI,13,13,368,27,47,.574,11,24,.458,16,23,.696,.691,3,4,.750,18,42,60,10,7,7,14,34,68,tuckepj01
331,Matisse Thybulle,SG,25,PHI,12,2,142,7,25,.280,3,15,.200,4,10,.400,.340,1,3,.333,3,11,14,6,8,4,2,15,18,thybuma01
332,Jaden Springer,PG,20,PHI,2,0,4,2,3,.667,0,0,,2,3,.667,.667,1,2,.500,1,1,2,0,0,1,0,1,5,sprinja01
333,Paul Reed,C,23,PHI,10,0,74,3,11,.273,0,2,.000,3,9,.333,.273,0,0,,4,13,17,1,11,4,3,19,6,reedpa01
334,Georges Niang,PF,29,PHI,13,0,234,38,80,.475,29,63,.460,9,17,.529,.656,7,7,1.000,2,22,24,10,4,5,10,25,112,niangge01
335,Shake Milton,SG,26,PHI,9,0,113,16,36,.444,1,7,.143,15,29,.517,.458,4,6,.667,5,15,20,12,0,1,12,14,37,miltosh01
336,De'Anthony Melton,PG,24,PHI,11,5,272,39,92,.424,16,47,.340,23,45,.511,.511,5,7,.714,12,33,45,30,19,5,10,18,99,meltode01
337,Tyrese Maxey,SG,22,PHI,13,13,488,109,237,.460,38,90,.422,71,147,.483,.540,45,60,.750,6,39,45,58,11,2,28,31,301,maxeyty01
338,Furkan Korkmaz,SG,25,PHI,5,0,28,4,8,.500,1,3,.333,3,5,.600,.563,5,6,.833,1,3,4,3,0,0,2,2,14,korkmfu01
339,Danuel House Jr.,SF,29,PHI,11,0,185,15,34,.441,7,20,.350,8,14,.571,.544,9,12,.750,4,15,19,9,6,3,6,16,46,houseda01
340,Tobias Harris,PF,30,PHI,13,13,441,74,157,.471,29,70,.414,45,87,.517,.564,21,27,.778,14,67,81,38,22,8,13,26,198,harrito02
341,Montrezl Harrell,C,29,PHI,11,1,125,16,29,.552,0,0,,16,29,.552,.552,16,23,.696,7,16,23,5,4,5,3,13,48,harremo01
342,James Harden,SG,33,PHI,9,9,331,63,143,.441,20,60,.333,43,83,.518,.510,52,56,.929,5,58,63,90,10,6,26,18,198,hardeja01
343,Joel Embiid,C,28,PHI,9,9,315,89,173,.514,8,33,.242,81,140,.579,.538,78,94,.830,15,75,90,33,5,11,37,31,264,embiijo01
344,Duane Washington Jr.,SG,22,PHO,5,0,17,4,15,.267,1,8,.125,3,7,.429,.300,0,0,,0,0,0,1,0,0,1,1,9,washidu02
345,Landry Shamet,SG,25,PHO,9,0,146,20,50,.400,12,33,.364,8,17,.471,.520,11,13,.846,2,4,6,11,5,1,8,12,63,shamela01
346,Dario Šarić,PF,28,PHO,7,0,63,7,23,.304,2,9,.222,5,14,.357,.348,1,2,.500,9,11,20,6,3,0,3,8,17,saricda01
347,Cameron Payne,PG,28,PHO,10,2,210,46,103,.447,19,46,.413,27,57,.474,.539,10,12,.833,3,22,25,37,10,1,20,15,121,payneca01
348,Chris Paul,PG,37,PHO,10,10,302,28,76,.368,9,33,.273,19,43,.442,.428,30,34,.882,5,40,45,94,17,2,15,23,95,paulch01
349,Josh Okogie,SG,24,PHO,11,0,57,4,14,.286,0,7,.000,4,7,.571,.286,4,6,.667,3,10,13,0,3,2,5,7,12,okogijo01
350,Damion Lee,SG,30,PHO,12,0,227,24,60,.400,17,39,.436,7,21,.333,.542,12,14,.857,5,24,29,13,7,0,6,19,77,leeda03
351,Jock Landale,C,27,PHO,12,0,186,36,72,.500,3,23,.130,33,49,.673,.521,19,24,.792,21,33,54,11,4,10,9,33,94,landajo01
352,Cameron Johnson,PF,26,PHO,8,8,202,37,83,.446,22,51,.431,15,32,.469,.578,8,11,.727,5,22,27,14,9,3,2,14,104,johnsca02
353,Torrey Craig,SF,32,PHO,12,4,230,26,55,.473,13,33,.394,13,22,.591,.591,4,6,.667,17,29,46,16,6,6,8,23,69,craigto01
354,Mikal Bridges,SF,26,PHO,12,12,438,71,128,.555,15,34,.441,56,94,.596,.613,31,35,.886,15,47,62,38,12,12,14,25,188,bridgmi01
355,Devin Booker,SG,26,PHO,12,12,437,113,238,.475,28,73,.384,85,165,.515,.534,66,76,.868,11,43,54,67,12,5,33,27,320,bookede01
356,Bismack Biyombo,C,30,PHO,10,2,125,15,27,.556,0,0,,15,27,.556,.556,6,9,.667,8,27,35,6,2,18,6,19,36,biyombi01
357,Deandre Ayton,C,24,PHO,10,10,266,64,115,.557,3,7,.429,61,108,.565,.570,14,19,.737,22,51,73,15,6,6,21,32,145,aytonde01
358,Justise Winslow,SF,26,POR,11,4,293,35,89,.393,5,20,.250,30,69,.435,.421,12,18,.667,19,34,53,39,14,6,14,28,87,winslju01
359,Trendon Watford,PF,22,POR,5,0,92,9,20,.450,0,4,.000,9,16,.563,.450,7,8,.875,3,13,16,13,6,0,7,13,25,watfotr01
360,Jabari Walker,SF,20,POR,8,0,72,9,17,.529,1,5,.200,8,12,.667,.559,4,6,.667,5,15,20,8,1,1,2,6,23,walkeja01
361,Anfernee Simons,SG,23,POR,11,11,398,85,202,.421,42,115,.365,43,87,.494,.525,33,39,.846,4,29,33,45,9,2,26,24,245,simonan01
362,Shaedon Sharpe,SG,19,POR,12,4,250,44,85,.518,12,27,.444,32,58,.552,.588,8,11,.727,10,21,31,5,4,3,9,25,108,sharpsh01
363,Jusuf Nurkić,C,28,POR,10,10,295,48,97,.495,6,11,.545,42,86,.488,.526,28,32,.875,31,81,112,25,9,8,25,31,130,nurkiju01
364,Nassir Little,PF,22,POR,13,0,199,33,61,.541,13,28,.464,20,33,.606,.648,7,12,.583,4,28,32,12,4,2,7,9,86,littlna01
365,Damian Lillard,PG,32,POR,8,8,283,66,141,.468,31,78,.397,35,63,.556,.578,66,76,.868,9,31,40,48,5,2,34,12,229,lillada01
366,Keon Johnson,SG,20,POR,6,0,106,16,45,.356,8,23,.348,8,22,.364,.444,2,6,.333,3,12,15,10,5,2,13,10,42,johnske07
367,Josh Hart,SG,27,POR,13,13,472,40,97,.412,7,23,.304,33,74,.446,.448,28,41,.683,22,91,113,57,15,2,23,32,115,hartjo01
368,Jerami Grant,PF,28,POR,12,12,428,82,165,.497,29,63,.460,53,102,.520,.585,55,72,.764,11,45,56,32,8,11,27,24,248,grantje01
369,Drew Eubanks,C,25,POR,13,3,227,29,42,.690,0,0,,29,42,.690,.690,13,19,.684,17,32,49,11,5,9,10,27,71,eubandr01
370,John Butler,C,20,POR,1,0,9,1,2,.500,0,1,.000,1,1,1.000,.500,0,0,,0,1,1,0,0,1,0,0,2,butlejo01
371,Greg Brown III,PF,21,POR,4,0,22,5,7,.714,0,0,,5,7,.714,.714,0,5,.000,0,1,1,0,3,2,2,3,10,browngr01
372,Domantas Sabonis,PF,26,SAC,11,11,350,68,123,.553,1,12,.083,67,111,.604,.557,52,73,.712,25,89,114,67,11,6,24,46,189,sabondo01
373,KZ Okpala,PF,23,SAC,6,3,39,1,5,.200,1,4,.250,0,1,.000,.300,0,0,,2,4,6,2,0,0,0,4,3,okpalkz01
374,Keegan Murray,SF,22,SAC,10,8,315,45,101,.446,22,61,.361,23,40,.575,.554,7,9,.778,8,29,37,13,9,9,17,24,119,murrake02
375,Malik Monk,SG,24,SAC,11,0,237,44,104,.423,23,62,.371,21,42,.500,.534,19,21,.905,5,21,26,47,5,4,17,18,130,monkma01
376,Chima Moneke,SF,27,SAC,1,0,6,0,1,.000,0,0,,0,1,.000,.000,0,2,.000,2,0,2,1,0,0,0,2,0,monekch01
377,Davion Mitchell,PG,24,SAC,11,1,211,32,69,.464,13,35,.371,19,34,.559,.558,2,3,.667,0,15,15,20,6,0,16,19,79,mitchda01
378,Chimezie Metu,C,25,SAC,7,0,80,12,26,.462,1,8,.125,11,18,.611,.481,5,6,.833,2,16,18,8,2,1,2,6,30,metuch01
379,Trey Lyles,PF,27,SAC,9,0,137,20,49,.408,14,37,.378,6,12,.500,.551,6,9,.667,4,21,25,9,4,5,10,11,60,lylestr01
380,Alex Len,C,29,SAC,3,0,8,0,1,.000,0,0,,0,1,.000,.000,1,2,.500,0,2,2,0,0,0,0,2,1,lenal01
381,Kevin Huerter,SG,24,SAC,11,11,350,60,123,.488,41,82,.500,19,41,.463,.654,21,29,.724,1,29,30,34,11,5,13,24,182,huertke01
382,Richaun Holmes,PF,29,SAC,8,0,102,14,20,.700,0,0,,14,20,.700,.700,4,6,.667,8,15,23,0,2,1,5,15,32,holmeri01
383,De'Aaron Fox,PG,25,SAC,10,10,326,98,178,.551,19,52,.365,79,126,.627,.604,44,51,.863,6,46,52,58,11,4,32,29,259,foxde01
384,Matthew Dellavedova,PG,32,SAC,3,0,29,3,7,.429,2,3,.667,1,4,.250,.571,0,0,,1,1,2,4,1,0,2,5,8,dellama01
385,Terence Davis,SG,25,SAC,10,0,121,21,49,.429,11,33,.333,10,16,.625,.541,12,14,.857,4,17,21,12,7,2,4,18,65,daviste02
386,Harrison Barnes,PF,30,SAC,11,11,354,37,91,.407,8,37,.216,29,54,.537,.451,40,49,.816,14,51,65,22,8,2,13,15,122,barneha02
387,Blake Wesley,SG,19,SAS,2,0,23,6,9,.667,2,3,.667,4,6,.667,.778,2,4,.500,1,1,2,4,0,0,2,3,16,weslebl01
388,Devin Vassell,SG,22,SAS,9,7,284,70,149,.470,30,69,.435,40,80,.500,.570,19,25,.760,1,36,37,34,8,3,12,10,189,vassede01
389,Jeremy Sochan,PF,19,SAS,12,12,286,38,77,.494,6,30,.200,32,47,.681,.532,4,7,.571,13,32,45,19,11,6,12,28,86,sochaje01
390,Isaiah Roby,PF,24,SAS,8,0,72,9,21,.429,2,7,.286,7,14,.500,.476,2,6,.333,3,13,16,9,5,2,2,5,22,robyis01
391,Josh Richardson,SG,29,SAS,12,2,278,44,103,.427,24,60,.400,20,43,.465,.544,23,27,.852,3,23,26,35,8,2,25,24,135,richajo01
392,Joshua Primo,SG,20,SAS,4,0,93,9,26,.346,3,12,.250,6,14,.429,.404,7,9,.778,2,11,13,18,1,2,11,8,28,primojo01
393,Jakob Poeltl,C,27,SAS,13,13,380,72,112,.643,0,0,,72,112,.643,.643,20,43,.465,49,78,127,49,13,16,29,27,164,poeltja01
394,Doug McDermott,SF,31,SAS,13,0,274,48,107,.449,26,63,.413,22,44,.500,.570,8,12,.667,4,25,29,18,0,2,13,21,130,mcderdo01
395,Romeo Langford,SG,23,SAS,7,2,114,13,31,.419,1,7,.143,12,24,.500,.435,3,4,.750,10,4,14,3,3,2,5,10,30,langfro01
396,Tre Jones,PG,23,SAS,13,13,396,57,138,.413,13,31,.419,44,107,.411,.460,33,36,.917,9,41,50,86,18,3,26,28,160,jonestr01
397,Keldon Johnson,SF,23,SAS,12,12,407,96,208,.462,45,105,.429,51,103,.495,.570,46,60,.767,8,55,63,44,12,1,36,20,283,johnske04
398,Jordan Hall,SF,21,SAS,3,0,27,1,5,.200,1,4,.250,0,1,.000,.300,0,0,,0,1,1,3,0,0,2,1,3,halljo02
399,Gorgui Dieng,C,33,SAS,6,0,55,8,17,.471,5,14,.357,3,3,1.000,.618,0,0,,4,8,12,11,1,4,7,9,21,dienggo01
400,Zach Collins,PF,25,SAS,9,0,159,31,59,.525,7,18,.389,24,41,.585,.585,6,9,.667,12,30,42,25,6,11,17,27,75,colliza01
401,Malaki Branham,SF,19,SAS,4,2,78,8,28,.286,3,15,.200,5,13,.385,.339,5,6,.833,2,7,9,8,1,0,3,3,24,branhma01
402,Keita Bates-Diop,SF,27,SAS,12,2,147,30,59,.508,4,14,.286,26,45,.578,.542,16,19,.842,11,15,26,5,5,0,14,6,80,bateske01
403,Charles Bassey,C,22,SAS,4,0,62,10,16,.625,2,5,.400,8,11,.727,.688,5,6,.833,8,24,32,7,3,8,4,12,27,bassech01
404,Dominick Barlow,SF,19,SAS,1,0,10,1,3,.333,0,2,.000,1,1,1.000,.333,0,0,,0,1,1,3,0,0,0,2,2,barlodo01
405,Thaddeus Young,PF,34,TOR,11,1,140,15,32,.469,1,8,.125,14,24,.583,.484,6,8,.750,13,17,30,13,10,1,6,12,37,youngth01
406,Fred VanVleet,PG,28,TOR,10,10,365,60,147,.408,35,83,.422,25,64,.391,.527,29,35,.829,6,31,37,68,23,7,14,24,184,vanvlfr01
407,Gary Trent Jr.,SG,24,TOR,14,14,448,81,195,.415,31,95,.326,50,100,.500,.495,39,50,.780,10,17,27,20,19,3,14,18,232,trentga02
408,Pascal Siakam,C,28,TOR,9,9,321,80,167,.479,13,38,.342,67,129,.519,.518,50,69,.725,16,68,84,69,8,5,24,28,223,siakapa01
409,Otto Porter Jr.,SF,29,TOR,7,1,134,15,28,.536,6,16,.375,9,12,.750,.643,8,8,1.000,6,12,18,8,11,0,3,7,44,porteot01
410,Christian Koloko,C,22,TOR,14,8,239,20,49,.408,0,3,.000,20,46,.435,.408,12,20,.600,20,28,48,7,4,17,10,42,52,kolokch01
411,Juancho Hernangómez,PF,27,TOR,7,0,67,5,10,.500,3,7,.429,2,3,.667,.650,1,2,.500,3,13,16,6,4,2,2,5,14,hernaju01
412,Ron Harper Jr.,SF,22,TOR,1,0,3,0,1,.000,0,1,.000,0,0,,.000,0,0,,0,0,0,0,0,0,0,0,0,harpero02
413,Malachi Flynn,PG,24,TOR,8,0,80,15,35,.429,9,19,.474,6,16,.375,.557,6,7,.857,1,7,8,5,3,1,3,11,45,flynnma01
414,Jeff Dowtin,PG,25,TOR,2,0,8,2,4,.500,0,0,,2,4,.500,.500,0,0,,0,1,1,2,0,0,0,0,4,dowtije01
415,Justin Champagnie,SF,21,TOR,2,0,9,3,3,1.000,0,0,,3,3,1.000,1.000,0,0,,1,2,3,0,0,0,0,1,6,champju01
416,Chris Boucher,PF,30,TOR,11,0,236,45,90,.500,13,37,.351,32,53,.604,.572,22,32,.688,25,36,61,7,10,12,12,32,125,bouchch01
417,Khem Birch,C,30,TOR,4,0,34,3,5,.600,1,1,1.000,2,4,.500,.700,2,2,1.000,3,2,5,1,3,1,1,8,9,birchkh01
418,Scottie Barnes,PF,21,TOR,13,13,415,72,167,.431,17,51,.333,55,116,.474,.482,18,25,.720,25,61,86,64,12,9,26,19,179,barnesc01
419,Dalano Banton,PG,23,TOR,13,0,123,24,56,.429,8,24,.333,16,32,.500,.500,8,10,.800,6,9,15,12,5,8,8,10,64,bantoda01
420,OG Anunoby,SF,25,TOR,14,14,495,90,190,.474,26,69,.377,64,121,.529,.542,35,43,.814,19,66,85,25,40,13,32,48,241,anunoog01
421,Precious Achiuwa,C,23,TOR,12,0,245,36,92,.391,5,28,.179,31,64,.484,.418,28,33,.848,24,60,84,16,2,7,15,19,105,achiupr01
422,Jarred Vanderbilt,PF,23,UTA,12,12,299,43,76,.566,7,14,.500,36,62,.581,.612,10,15,.667,27,70,97,32,17,5,20,45,103,vandeja01
423,Collin Sexton,SG,24,UTA,14,1,307,64,135,.474,17,44,.386,47,91,.516,.537,50,59,.847,13,28,41,26,10,1,23,31,195,sextoco01
424,Micah Potter,PF,24,UTA,2,0,12,2,2,1.000,0,0,,2,2,1.000,1.000,0,0,,1,2,3,1,0,0,0,2,4,pottemi01
425,Kelly Olynyk,PF,31,UTA,14,14,373,61,110,.555,23,42,.548,38,68,.559,.659,25,34,.735,17,42,59,46,18,7,36,60,170,olynyke01
426,Lauri Markkanen,SF,25,UTA,14,14,462,116,219,.530,29,85,.341,87,134,.649,.596,51,58,.879,29,90,119,33,8,14,26,25,312,markkla01
427,Walker Kessler,C,21,UTA,11,0,164,27,37,.730,0,0,,27,37,.730,.730,9,16,.563,22,32,54,8,2,17,5,20,63,kesslwa01
428,Talen Horton-Tucker,SG,22,UTA,14,0,234,41,100,.410,11,42,.262,30,58,.517,.465,17,22,.773,9,32,41,33,13,5,13,21,110,hortota01
429,Rudy Gay,SF,36,UTA,11,0,175,20,57,.351,8,33,.242,12,24,.500,.421,3,6,.500,6,33,39,10,5,6,10,15,51,gayru01
430,Simone Fontecchio,SF,27,UTA,7,0,32,6,16,.375,3,11,.273,3,5,.600,.469,0,0,,2,4,6,0,1,0,3,5,15,fontesi01
431,Mike Conley,PG,35,UTA,13,13,393,50,121,.413,26,68,.382,24,53,.453,.521,22,29,.759,5,26,31,106,14,4,19,21,148,conlemi01
432,Jordan Clarkson,SG,30,UTA,14,14,428,95,216,.440,44,110,.400,51,106,.481,.542,26,33,.788,19,40,59,68,5,7,35,29,260,clarkjo01
433,Leandro Bolmaro,SG,22,UTA,3,0,21,2,7,.286,0,2,.000,2,5,.400,.286,0,0,,1,0,1,2,2,1,2,4,4,bolmale01
434,Malik Beasley,SG,26,UTA,14,2,355,59,139,.424,38,90,.422,21,49,.429,.561,9,10,.900,10,38,48,16,14,2,10,14,165,beaslma01
435,Udoka Azubuike,C,23,UTA,5,0,20,5,6,.833,0,0,,5,6,.833,.833,0,0,,2,7,9,1,2,2,2,1,10,azubuud01
436,Nickeil Alexander-Walker,SG,24,UTA,9,0,70,9,27,.333,4,13,.308,5,14,.357,.407,4,5,.800,0,6,6,10,5,3,5,11,26,alexani01
437,Ochai Agbaji,SG,22,UTA,6,0,67,8,19,.421,0,6,.000,8,13,.615,.421,4,7,.571,4,6,10,1,0,0,0,6,20,agbajoc01
438,Delon Wright,PG,30,WAS,4,0,91,10,24,.417,3,12,.250,7,12,.583,.479,3,5,.600,4,6,10,13,11,4,4,5,26,wrighde01
439,Isaiah Todd,PF,21,WAS,3,0,9,1,3,.333,0,2,.000,1,1,1.000,.333,0,0,,0,0,0,0,0,0,0,0,2,toddis01
440,Jordan Schakel,SF,24,WAS,2,0,6,1,2,.500,1,1,1.000,0,1,.000,.750,0,0,,0,0,0,1,1,0,0,1,3,schakjo01
441,Kristaps Porziņģis,PF,27,WAS,12,12,372,85,173,.491,23,65,.354,62,108,.574,.558,49,61,.803,26,74,100,29,8,16,21,39,242,porzikr01
442,Monte Morris,PG,27,WAS,13,13,358,43,103,.417,12,35,.343,31,68,.456,.476,14,19,.737,6,42,48,65,8,3,11,15,112,morrimo01
443,Kyle Kuzma,PF,27,WAS,13,13,427,91,196,.464,27,81,.333,64,115,.557,.533,39,52,.750,11,89,100,35,3,8,28,36,248,kuzmaky01
444,Corey Kispert,SF,23,WAS,5,4,113,14,26,.538,6,16,.375,8,10,.800,.654,7,8,.875,0,11,11,9,3,0,3,7,41,kispeco01
445,Rui Hachimura,PF,24,WAS,13,0,314,63,132,.477,8,28,.286,55,104,.529,.508,21,29,.724,11,55,66,11,2,8,21,15,155,hachiru01
446,Jordan Goodwin,PG,24,WAS,7,0,125,19,33,.576,5,11,.455,14,22,.636,.652,2,2,1.000,9,17,26,21,5,6,5,11,45,goodwjo01
447,Anthony Gill,PF,30,WAS,13,4,173,21,37,.568,2,9,.222,19,28,.679,.595,6,6,1.000,10,14,24,9,3,1,2,21,50,gillan01
448,Taj Gibson,PF,37,WAS,6,0,27,5,11,.455,1,4,.250,4,7,.571,.500,4,4,1.000,2,4,6,3,1,0,1,3,15,gibsota01
449,Daniel Gafford,C,24,WAS,13,0,189,31,43,.721,0,0,,31,43,.721,.721,15,22,.682,18,32,50,7,5,13,15,20,77,gaffoda01
450,Johnny Davis,SG,20,WAS,5,0,30,2,7,.286,0,1,.000,2,6,.333,.286,2,2,1.000,1,3,4,2,0,0,1,8,6,davisjo06
451,Vernon Carey Jr.,C,21,WAS,2,0,2,0,0,,0,0,,0,0,,,0,0,,0,0,0,0,0,0,0,1,0,careyve01
452,Bradley Beal,SG,29,WAS,9,9,316,74,143,.517,13,40,.325,61,103,.592,.563,33,36,.917,6,26,32,51,8,7,24,18,194,bealbr01
453,Will Barton,SG,32,WAS,13,0,311,44,113,.389,18,52,.346,26,61,.426,.469,14,15,.933,5,39,44,32,7,4,17,17,120,bartowi01
454,Deni Avdija,SF,22,WAS,13,10,281,26,72,.361,7,29,.241,19,43,.442,.410,16,19,.842,9,50,59,22,8,8,14,37,75,avdijde01