Rk,Player,Pos,Age,Tm,G,MP,PER,TS%,3PAr,FTr,ORB%,DRB%,TRB%,AST%,STL%,BLK%,TOV%,USG%,"",OWS,DWS,WS,WS/48,"",OBPM,DBPM,BPM,VORP
1,Precious Achiuwa,C,23,TOR,8,178,12.0,.486,.333,.365,8.1,31.7,19.7,7.8,0.3,1.7,12.0,20.3,NA,0.0,0.2,0.2,.054,NA,-3.1,-1.8,-4.9,-0.1
2,Steven Adams,C,29,MEM,8,215,13.7,.529,.000,.553,15.7,25.2,20.5,11.3,1.1,5.1,26.5,12.3,NA,0.1,0.2,0.3,.057,NA,-2.5,-0.3,-2.8,0.0
3,Bam Adebayo,C,25,MIA,9,315,16.7,.596,.017,.350,7.2,19.8,13.4,16.1,1.7,2.9,18.7,23.2,NA,0.2,0.4,0.6,.092,NA,-1.4,0.8,-0.6,0.1
4,Ochai Agbaji,SG,22,UTA,4,59,7.3,.453,.316,.368,7.3,7.2,7.3,2.3,0.0,0.0,0.0,15.6,NA,0.0,0.0,0.0,.040,NA,-5.6,-3.8,-9.4,-0.1
5,Santi Aldama,PF,22,MEM,8,235,12.3,.531,.424,.288,7.9,15.2,11.6,3.9,1.0,3.9,6.3,13.9,NA,0.3,0.1,0.4,.078,NA,-1.8,-1.3,-3.0,-0.1
6,Nickeil Alexander-Walker,SG,24,UTA,5,39,20.6,.563,.563,.250,0.0,8.2,4.1,33.9,4.9,4.2,10.1,21.1,NA,0.1,0.1,0.2,.213,NA,1.1,4.6,5.7,0.1
7,Grayson Allen,SG,27,MIL,7,182,9.0,.500,.648,.296,2.3,9.9,6.1,13.0,1.3,0.0,12.8,15.9,NA,0.0,0.3,0.4,.092,NA,-3.6,0.3,-3.3,-0.1
8,Jarrett Allen,C,24,CLE,7,231,16.9,.578,.030,.288,15.5,27.0,21.3,5.8,0.2,3.1,10.8,15.9,NA,0.4,0.5,0.9,.186,NA,0.7,0.6,1.2,0.2
9,Jose Alvarado,PG,24,NOP,7,146,12.7,.611,.531,.082,0.8,9.9,5.4,17.4,2.0,0.6,17.8,17.9,NA,0.1,0.1,0.2,.082,NA,-0.7,-0.6,-1.3,0.0
10,Kyle Anderson,PF,29,MIN,4,49,9.8,.621,.333,2.000,6.4,16.1,11.3,11.9,1.0,1.8,26.2,6.4,NA,0.1,0.1,0.1,.114,NA,-2.4,1.5,-0.9,0.0
11,Giannis Antetokounmpo,PF,28,MIL,7,234,35.0,.620,.163,.542,7.1,31.1,19.3,30.6,1.6,4.2,10.0,37.2,NA,1.0,0.7,1.6,.337,NA,8.2,4.7,12.9,0.9
12,Thanasis Antetokounmpo,SF,30,MIL,2,6,2.0,,,,0.0,16.6,8.5,0.0,0.0,0.0,,0.0,NA,0.0,0.0,0.0,.075,NA,-6.1,-0.6,-6.7,0.0
13,Cole Anthony,PG,22,ORL,4,122,14.1,.520,.377,.283,2.8,13.8,8.6,22.0,1.2,2.2,11.8,23.7,NA,0.1,0.1,0.2,.067,NA,-0.2,-0.3,-0.5,0.0
14,OG Anunoby,SF,25,TOR,8,273,15.4,.582,.437,.264,3.3,17.7,10.4,7.7,4.1,2.9,13.4,17.8,NA,0.2,0.6,0.7,.127,NA,-1.6,2.7,1.1,0.2
15,Ryan Arcidiacono,PG,28,NYK,1,2,-7.5,,,,0.0,0.0,0.0,0.0,0.0,0.0,,0.0,NA,0.0,0.0,0.0,.008,NA,-17.4,1.4,-16.0,0.0
16,Deni Avdija,SF,22,WAS,8,148,9.9,.536,.406,.313,1.6,22.2,12.1,8.8,1.3,4.4,9.9,12.1,NA,0.1,0.2,0.3,.084,NA,-3.7,1.7,-2.0,0.0
17,Deandre Ayton,C,24,PHO,5,130,16.4,.576,.048,.177,8.8,27.8,18.2,12.0,1.1,1.5,16.3,26.5,NA,0.0,0.2,0.2,.089,NA,-1.8,0.4,-1.4,0.0
18,Udoka Azubuike,C,23,UTA,2,12,20.1,.667,.000,.000,0.0,44.3,22.3,0.0,8.0,6.8,25.0,13.9,NA,0.0,0.1,0.0,.158,NA,-2.2,7.2,5.0,0.0
19,Patrick Baldwin Jr.,SF,20,GSW,1,1,0.0,,,,0.0,0.0,0.0,0.0,0.0,0.0,,0.0,NA,0.0,0.0,0.0,-0.024,NA,-5.8,-4.8,-10.5,0.0
20,Mo Bamba,C,24,ORL,9,113,9.0,.498,.500,.132,5.1,22.4,14.1,7.9,0.4,4.0,14.8,17.9,NA,-0.1,0.1,0.0,.018,NA,-4.4,-0.3,-4.7,-0.1
Rk,Player,Pos,Age,Tm,G,MP,PER,TS%,3PAr,FTr,ORB%,DRB%,TRB%,AST%,STL%,BLK%,TOV%,USG%,NA,OWS,DWS,WS,WS/48,NA,OBPM,DBPM,BPM,VORP
21,Paolo Banchero,PF,20,ORL,9,306,17.3,.536,.238,.477,3.0,21.0,12.4,17.6,0.9,2.7,12.9,29.4,NA,0.1,0.3,0.4,.066,NA,0.4,-0.7,-0.3,0.1
22,Desmond Bane,SG,24,MEM,7,235,21.7,.607,.504,.291,1.9,14.8,8.3,23.1,1.0,1.2,10.0,27.9,NA,0.8,0.1,0.8,.166,NA,5.4,-1.9,3.5,0.3
23,Dalano Banton,PG,23,TOR,8,67,17.5,.638,.440,.080,3.3,8.6,5.9,9.0,1.5,4.5,7.2,18.0,NA,0.1,0.1,0.2,.156,NA,1.4,0.8,2.2,0.1
24,Dominick Barlow,SF,19,SAS,1,10,6.6,.333,.667,.000,0.0,11.0,5.4,38.6,0.0,0.0,0.0,12.1,NA,0.0,0.0,0.0,.037,NA,-4.8,-0.6,-5.4,0.0
25,Harrison Barnes,PF,30,SAC,7,231,9.9,.517,.371,.565,3.6,16.2,10.1,9.3,0.6,0.4,9.4,15.9,NA,0.1,0.1,0.2,.046,NA,-2.8,-1.9,-4.7,-0.2
26,Scottie Barnes,PF,21,TOR,7,204,20.0,.616,.305,.159,4.4,17.5,10.8,23.4,1.7,2.0,12.9,21.4,NA,0.4,0.3,0.7,.165,NA,3.0,0.3,3.2,0.3
27,RJ Barrett,SG,22,NYK,7,244,10.7,.484,.322,.212,3.7,12.3,8.1,10.6,0.2,0.7,9.8,24.3,NA,-0.1,0.2,0.1,.013,NA,-2.2,-2.5,-4.7,-0.1
28,Will Barton,SG,32,WAS,8,196,11.3,.551,.431,.138,1.8,11.0,6.5,12.9,1.5,1.0,12.7,17.8,NA,0.1,0.1,0.2,.049,NA,-1.8,-0.5,-2.2,0.0
29,Charles Bassey,C,22,SAS,1,12,32.1,.765,.400,.400,9.0,27.5,18.2,0.0,0.0,12.7,0.0,19.7,NA,0.1,0.0,0.1,.316,NA,7.6,1.8,9.4,0.0
30,Keita Bates-Diop,SF,27,SAS,8,95,14.1,.626,.244,.267,5.7,11.6,8.6,6.7,0.5,0.0,18.0,26.0,NA,0.0,0.0,0.0,.006,NA,-0.7,-3.8,-4.4,-0.1
31,Nicolas Batum,PF,34,LAC,8,137,11.7,.602,.654,.269,4.2,15.7,10.4,11.3,1.8,4.9,17.1,11.3,NA,0.1,0.3,0.4,.125,NA,-3.0,2.5,-0.5,0.1
32,Darius Bazley,PF,22,OKC,8,141,15.4,.481,.250,.188,9.5,22.0,15.3,10.6,1.3,7.1,10.4,17.0,NA,0.0,0.3,0.3,.096,NA,-1.5,0.5,-1.0,0.0
33,Bradley Beal,SG,29,WAS,8,287,19.8,.622,.272,.272,2.5,9.1,5.8,26.8,1.0,2.0,14.6,25.3,NA,0.6,0.2,0.8,.131,NA,2.7,-1.1,1.6,0.3
34,Malik Beasley,SG,26,UTA,9,228,13.2,.544,.576,.087,3.8,9.3,6.6,6.3,1.9,0.7,5.0,18.3,NA,0.2,0.2,0.5,.098,NA,-0.3,-0.7,-1.0,0.1
35,MarJon Beauchamp,SF,22,MIL,4,29,4.2,.457,.714,.571,3.6,13.8,8.8,4.4,3.3,2.8,31.3,18.2,NA,-0.1,0.1,0.0,-0.032,NA,-8.8,1.1,-7.7,0.0
36,Patrick Beverley,PG,34,LAL,7,194,7.0,.441,.677,.387,3.5,10.2,6.8,13.1,2.1,1.7,18.1,9.4,NA,-0.1,0.3,0.3,.065,NA,-6.1,2.2,-3.9,-0.1
37,Saddiq Bey,SF,23,DET,9,284,14.9,.613,.500,.449,3.9,12.6,8.1,7.1,1.0,0.9,10.7,19.3,NA,0.5,0.0,0.5,.086,NA,0.7,-1.8,-1.1,0.1
38,Khem Birch,C,30,TOR,4,34,14.0,.765,.200,.400,9.8,6.8,8.3,3.8,4.3,3.0,14.5,8.8,NA,0.1,0.1,0.1,.206,NA,-3.4,2.6,-0.8,0.0
39,Goga Bitadze,C,23,IND,7,98,16.4,.583,.261,.609,13.1,16.3,14.6,15.3,1.9,3.9,12.1,13.6,NA,0.2,0.1,0.3,.134,NA,-1.1,0.8,-0.3,0.0
40,Bismack Biyombo,C,30,PHO,5,83,15.6,.703,.000,.500,6.9,26.6,16.7,6.2,0.0,12.8,19.0,11.0,NA,0.1,0.2,0.3,.167,NA,-2.8,2.8,0.0,0.0
Rk,Player,Pos,Age,Tm,G,MP,PER,TS%,3PAr,FTr,ORB%,DRB%,TRB%,AST%,STL%,BLK%,TOV%,USG%,NA,OWS,DWS,WS,WS/48,NA,OBPM,DBPM,BPM,VORP
41,Buddy Boeheim,PG,23,DET,1,1,0.0,,,,0.0,0.0,0.0,0.0,0.0,0.0,,0.0,NA,0.0,0.0,0.0,-0.031,NA,-8.0,-2.8,-10.8,0.0
42,Bojan Bogdanović,PF,33,DET,9,284,20.1,.704,.537,.301,1.8,9.9,5.7,11.7,0.7,0.0,10.3,22.8,NA,0.9,0.0,0.9,.150,NA,5.7,-1.9,3.8,0.4
43,Bol Bol,PF,23,ORL,9,192,21.6,.710,.172,.293,9.6,26.9,18.6,3.4,0.3,10.9,18.6,18.0,NA,0.3,0.3,0.7,.165,NA,1.3,1.7,2.9,0.2
44,Leandro Bolmaro,SG,22,UTA,2,16,2.4,.333,.333,.000,6.7,0.0,3.3,15.7,0.0,5.1,25.0,10.4,NA,0.0,0.0,0.0,-0.028,NA,-7.7,-1.6,-9.3,0.0
45,Devin Booker,SG,26,PHO,7,253,22.2,.609,.309,.331,2.3,10.1,6.2,24.1,1.2,0.8,10.2,30.2,NA,0.7,0.3,1.0,.187,NA,4.6,-0.6,4.0,0.4
46,Brandon Boston Jr.,SG,21,LAC,5,16,21.8,.597,.300,.200,7.2,6.1,6.6,0.0,0.0,0.0,0.0,30.1,NA,0.0,0.0,0.0,.131,NA,5.4,-2.0,3.3,0.0
47,Chris Boucher,PF,30,TOR,5,97,24.4,.755,.444,.194,6.9,16.6,11.7,6.6,2.5,6.2,9.3,19.3,NA,0.3,0.2,0.5,.250,NA,2.8,2.1,4.9,0.2
48,James Bouknight,SG,22,CHO,8,141,2.4,.402,.636,.145,0.0,12.1,6.0,7.5,0.7,0.6,10.7,19.4,NA,-0.3,0.1,-0.2,-0.076,NA,-7.4,-2.1,-9.5,-0.3
49,Tony Bradley,C,25,CHI,2,6,4.1,.000,1.000,.000,17.5,38.6,27.6,0.0,0.0,0.0,0.0,7.1,NA,0.0,0.0,0.0,-0.019,NA,-4.1,-6.8,-10.9,0.0
50,Malaki Branham,SF,19,SAS,2,42,8.2,.436,.556,.333,5.1,5.2,5.2,15.7,0.0,0.0,4.6,20.8,NA,0.0,0.0,0.0,-0.001,NA,-1.6,-3.4,-5.0,0.0
51,Christian Braun,SG,21,DEN,8,131,10.5,.569,.448,.138,5.7,10.8,8.2,8.8,1.5,1.3,11.5,11.3,NA,0.1,0.1,0.2,.074,NA,-1.5,-0.8,-2.4,0.0
52,Mikal Bridges,SF,26,PHO,7,250,18.1,.728,.224,.313,5.5,12.1,8.8,12.1,0.8,3.5,11.6,14.9,NA,0.7,0.3,1.1,.203,NA,2.4,1.0,3.4,0.3
53,Oshae Brissett,SF,24,IND,4,27,-6.4,.214,.714,.000,4.0,8.4,6.1,0.0,0.0,0.0,22.2,13.4,NA,-0.1,0.0,-0.1,-0.229,NA,-10.5,-4.7,-15.2,-0.1
54,Malcolm Brogdon,PG,30,BOS,7,162,18.2,.592,.338,.296,4.3,11.6,8.0,25.2,1.2,0.0,13.0,25.6,NA,0.3,0.1,0.4,.119,NA,1.7,-1.4,0.3,0.1
55,Dillon Brooks,SG,27,MEM,5,139,9.3,.498,.397,.176,0.8,7.0,3.9,8.4,1.4,0.0,8.7,23.8,NA,0.0,0.0,0.0,-0.012,NA,-3.8,-3.3,-7.1,-0.2
56,Bruce Brown,PG,26,DEN,8,226,14.3,.604,.423,.085,4.3,8.2,6.2,20.1,1.1,1.2,12.0,15.8,NA,0.4,0.1,0.5,.107,NA,1.0,-1.6,-0.5,0.1
57,Greg Brown III,PF,21,POR,3,13,19.5,.633,.000,.600,0.0,0.0,0.0,0.0,3.8,6.8,13.7,24.1,NA,0.0,0.0,0.0,.014,NA,-1.1,0.9,-0.2,0.0
58,Jaylen Brown,SF,26,BOS,7,263,17.8,.556,.367,.259,3.1,17.3,10.3,14.2,1.5,1.9,11.4,31.5,NA,0.1,0.2,0.3,.055,NA,0.7,-1.2,-0.5,0.1
59,Moses Brown,C,23,LAC,5,24,32.4,.682,.000,.455,14.4,24.4,19.8,0.0,0.0,10.6,0.0,24.3,NA,0.1,0.1,0.1,.298,NA,3.1,1.3,4.4,0.0
60,Troy Brown Jr.,SF,23,LAL,5,135,9.5,.528,.425,.150,3.6,20.4,12.0,6.3,1.0,0.0,10.5,14.5,NA,0.0,0.2,0.2,.074,NA,-4.2,0.4,-3.8,-0.1
Rk,Player,Pos,Age,Tm,G,MP,PER,TS%,3PAr,FTr,ORB%,DRB%,TRB%,AST%,STL%,BLK%,TOV%,USG%,NA,OWS,DWS,WS,WS/48,NA,OBPM,DBPM,BPM,VORP
61,Jalen Brunson,PG,26,NYK,7,236,17.8,.557,.269,.260,0.8,9.9,5.4,30.0,1.6,0.7,10.1,22.6,NA,0.5,0.2,0.7,.139,NA,1.3,0.2,1.4,0.2
62,Reggie Bullock,SF,31,DAL,7,226,5.6,.545,.825,.125,2.2,8.4,5.4,3.5,1.3,0.4,10.6,9.4,NA,0.1,0.2,0.2,.051,NA,-3.1,-0.6,-3.7,-0.1
63,Jimmy Butler,SF,33,MIA,8,284,23.4,.603,.200,.548,6.8,13.8,10.2,24.9,2.1,0.7,8.3,24.1,NA,1.0,0.3,1.3,.215,NA,4.9,0.6,5.5,0.5
64,Kentavious Caldwell-Pope,SG,29,DEN,7,224,12.6,.631,.600,.100,1.4,11.6,6.5,12.3,1.5,1.6,10.1,13.3,NA,0.3,0.1,0.5,.105,NA,0.3,-1.0,-0.7,0.1
65,Facundo Campazzo,PG,31,DAL,2,16,15.6,.375,.750,.000,0.0,0.0,0.0,24.8,9.5,0.0,0.0,11.2,NA,0.0,0.0,0.1,.161,NA,-0.5,7.8,7.3,0.0
66,Vlatko Čančar,PF,25,DEN,3,6,-14.7,.000,.000,.000,0.0,0.0,0.0,0.0,0.0,0.0,50.0,14.2,NA,0.0,0.0,-0.1,-0.403,NA,-14.6,-7.1,-21.7,0.0
67,Clint Capela,C,28,ATL,8,210,16.5,.561,.000,.241,13.2,22.5,17.9,3.7,1.6,4.8,10.5,13.3,NA,0.3,0.3,0.6,.127,NA,-0.4,-0.5,-0.9,0.1
68,Vernon Carey Jr.,C,21,WAS,1,1,0.0,,,,0.0,0.0,0.0,0.0,0.0,0.0,,0.0,NA,0.0,0.0,0.0,-0.003,NA,-4.7,-3.1,-7.8,0.0
69,Jevon Carter,PG,27,MIL,7,165,5.8,.376,.657,.057,3.8,6.6,5.2,9.1,3.8,1.5,16.3,10.7,NA,-0.2,0.4,0.2,.064,NA,-7.1,3.9,-3.2,-0.1
70,Wendell Carter Jr.,C,23,ORL,9,294,17.3,.597,.300,.450,9.0,22.2,15.9,12.6,1.1,1.2,13.7,20.2,NA,0.5,0.3,0.8,.135,NA,0.5,-0.5,0.0,0.1
71,Alex Caruso,PG,28,CHI,9,217,10.6,.533,.579,.421,2.4,10.7,6.3,19.0,3.1,3.4,25.0,11.7,NA,0.0,0.4,0.4,.085,NA,-2.5,3.3,0.9,0.2
72,Justin Champagnie,SF,21,TOR,2,9,31.1,1.000,.000,.000,12.3,25.6,18.9,0.0,0.0,0.0,0.0,14.5,NA,0.1,0.0,0.1,.317,NA,6.9,0.7,7.6,0.0
73,Kennedy Chandler,PG,20,MEM,4,35,0.8,.325,.222,.444,0.0,3.1,1.6,21.5,0.0,5.2,27.1,17.4,NA,-0.1,0.0,-0.1,-0.183,NA,-5.8,-4.4,-10.2,-0.1
74,Max Christie,SG,19,LAL,2,5,49.9,1.330,1.000,2.000,0.0,39.4,19.6,31.9,0.0,0.0,0.0,15.4,NA,0.1,0.0,0.1,.740,NA,20.9,9.7,30.6,0.0
75,Josh Christopher,SG,21,HOU,7,54,5.9,.437,.409,.091,3.7,18.3,10.6,11.7,0.0,0.0,14.9,20.2,NA,-0.1,0.0,-0.1,-0.071,NA,-6.1,-3.6,-9.7,-0.1
76,Brandon Clarke,PF,26,MEM,8,134,18.1,.652,.064,.362,5.7,17.8,11.8,11.3,1.1,3.4,14.2,19.5,NA,0.3,0.1,0.3,.121,NA,-0.9,-0.1,-1.0,0.0
77,Jordan Clarkson,SG,30,UTA,9,280,15.0,.533,.545,.179,5.4,10.2,7.8,26.9,0.7,1.8,13.7,24.9,NA,0.3,0.2,0.5,.087,NA,1.5,-1.3,0.2,0.1
78,Nic Claxton,C,23,BRK,8,232,18.3,.661,.017,.450,12.1,22.4,17.3,5.3,0.8,6.5,15.3,16.2,NA,0.4,0.1,0.5,.107,NA,-0.6,-1.0,-1.6,0.0
79,Amir Coffey,SG,25,LAC,7,72,7.9,.492,.154,.923,3.2,8.1,5.9,9.3,0.7,1.2,9.9,12.5,NA,0.0,0.1,0.1,.065,NA,-5.5,-0.7,-6.2,-0.1
80,John Collins,PF,25,ATL,8,261,15.3,.601,.305,.220,6.5,26.5,16.6,4.1,1.5,4.2,14.3,16.8,NA,0.2,0.4,0.6,.106,NA,-1.7,0.0,-1.6,0.0
Rk,Player,Pos,Age,Tm,G,MP,PER,TS%,3PAr,FTr,ORB%,DRB%,TRB%,AST%,STL%,BLK%,TOV%,USG%,NA,OWS,DWS,WS,WS/48,NA,OBPM,DBPM,BPM,VORP
81,Zach Collins,PF,25,SAS,8,138,16.9,.590,.308,.173,9.4,18.3,13.8,24.4,1.7,5.5,20.0,20.4,NA,0.1,0.1,0.3,.090,NA,-1.2,2.0,0.8,0.1
82,Mike Conley,PG,35,UTA,8,246,14.1,.542,.605,.263,0.9,6.5,3.7,31.2,1.9,1.3,13.3,16.5,NA,0.4,0.2,0.7,.132,NA,0.3,0.4,0.7,0.2
83,Robert Covington,PF,32,LAC,5,87,13.5,.601,.684,.316,1.3,24.7,14.0,11.4,1.7,4.9,12.2,12.5,NA,0.1,0.2,0.3,.156,NA,-1.8,2.8,1.1,0.1
84,Torrey Craig,SF,32,PHO,7,102,17.6,.764,.625,.083,12.4,16.0,14.2,9.1,1.0,0.9,10.8,11.8,NA,0.3,0.1,0.4,.211,NA,3.4,0.0,3.4,0.1
85,Cade Cunningham,PG,21,DET,9,309,16.5,.516,.241,.195,2.9,16.1,9.3,34.2,1.4,1.1,14.1,29.7,NA,0.0,0.1,0.1,.016,NA,0.8,-1.3,-0.5,0.1
86,Seth Curry,SG,32,BRK,1,18,3.4,.000,1.000,.000,0.0,12.6,6.4,40.3,2.7,4.9,0.0,12.3,NA,-0.1,0.0,0.0,-0.126,NA,-9.1,0.2,-9.0,0.0
87,Stephen Curry,PG,34,GSW,9,314,27.6,.662,.594,.289,2.8,19.7,11.2,32.1,1.6,0.3,11.0,31.1,NA,1.3,0.2,1.5,.232,NA,9.3,-0.3,9.0,0.9
88,Dyson Daniels,PG,19,NOP,3,41,23.3,.745,.364,.364,5.5,16.2,10.9,19.8,3.6,4.3,13.6,15.2,NA,0.1,0.1,0.2,.250,NA,5.3,4.5,9.8,0.1
89,Anthony Davis,C,29,LAL,6,214,24.7,.571,.101,.266,8.7,23.0,15.8,11.7,2.8,5.4,6.9,25.1,NA,0.4,0.5,0.9,.201,NA,2.2,2.7,4.9,0.4
90,Johnny Davis,SG,20,WAS,4,23,-2.0,.286,.143,.000,0.0,9.9,5.0,11.3,0.0,0.0,0.0,13.5,NA,0.0,0.0,0.0,-0.087,NA,-12.4,-2.0,-14.3,-0.1
91,Terence Davis,SG,25,SAC,7,82,13.9,.553,.633,.400,4.4,16.6,10.7,12.1,2.3,1.0,7.8,20.1,NA,0.1,0.1,0.2,.108,NA,-2.5,0.2,-2.3,0.0
92,Dewayne Dedmon,C,33,MIA,7,77,15.3,.758,.364,.182,5.9,25.5,15.6,10.3,0.0,1.3,17.4,16.4,NA,0.2,0.1,0.2,.147,NA,-0.9,0.4,-0.5,0.0
93,Matthew Dellavedova,PG,32,SAC,3,29,7.1,.571,.429,.000,4.1,3.9,4.0,18.4,1.6,0.0,22.2,13.4,NA,0.0,0.0,0.0,.037,NA,-5.1,-0.7,-5.8,0.0
94,DeMar DeRozan,SF,33,CHI,9,301,20.3,.585,.081,.463,1.4,12.3,6.6,21.8,1.7,0.6,10.0,28.1,NA,0.7,0.4,1.0,.164,NA,1.5,0.4,1.9,0.3
95,Moussa Diabaté,PF,21,LAC,2,6,37.8,1.042,.000,1.000,0.0,32.6,17.6,26.3,8.1,0.0,0.0,10.6,NA,0.0,0.0,0.1,.531,NA,7.3,11.2,18.5,0.0
96,Mamadi Diakite,PF,26,CLE,1,0,,,,,,,,,,,,,NA,0.0,0.0,0.0,,NA,-5.5,-1.0,-6.5,0.0
97,Hamidou Diallo,SG,24,DET,9,127,9.1,.444,.070,.465,7.1,16.2,11.5,9.5,1.9,0.0,8.8,18.7,NA,-0.1,0.1,0.0,-0.007,NA,-5.0,-1.1,-6.1,-0.1
98,Gorgui Dieng,C,33,SAS,5,44,14.9,.571,.857,.000,9.8,17.5,13.6,30.7,0.0,6.9,22.2,16.5,NA,0.1,0.0,0.1,.096,NA,-0.1,3.6,3.5,0.1
99,Ousmane Dieng,SF,19,OKC,7,92,5.4,.386,.600,.080,2.1,15.7,8.4,10.9,0.5,2.0,10.4,13.0,NA,-0.1,0.1,0.0,-0.006,NA,-5.5,-1.4,-6.9,-0.1
100,Spencer Dinwiddie,PG,29,DAL,7,224,16.7,.595,.473,.129,0.6,10.1,5.5,19.5,2.0,0.0,10.1,21.9,NA,0.4,0.2,0.6,.136,NA,1.4,-0.3,1.0,0.2
Rk,Player,Pos,Age,Tm,G,MP,PER,TS%,3PAr,FTr,ORB%,DRB%,TRB%,AST%,STL%,BLK%,TOV%,USG%,NA,OWS,DWS,WS,WS/48,NA,OBPM,DBPM,BPM,VORP
101,Donte DiVincenzo,SG,26,GSW,3,42,3.2,.588,.545,.364,0.0,5.4,2.7,9.2,1.1,0.0,32.0,18.4,NA,-0.1,0.0,-0.1,-0.104,NA,-6.8,-2.9,-9.7,-0.1
102,Luka Dončić,PG,23,DAL,7,256,36.1,.609,.341,.457,4.0,25.2,14.9,52.3,2.4,1.1,10.0,40.5,NA,1.4,0.4,1.8,.342,NA,9.5,2.6,12.1,0.9
103,Tyler Dorsey,SG,26,DAL,1,4,107.8,1.125,.250,.000,31.7,29.8,30.7,0.0,0.0,0.0,0.0,45.0,NA,0.1,0.0,0.1,1.778,NA,42.8,9.4,52.2,0.1
104,Luguentz Dort,SG,23,OKC,8,255,11.3,.474,.450,.303,3.4,9.1,6.1,9.2,2.2,0.7,5.4,21.2,NA,0.0,0.3,0.3,.058,NA,-3.8,-0.7,-4.5,-0.2
105,Ayo Dosunmu,PG,23,CHI,8,244,13.8,.599,.388,.100,1.7,14.7,7.9,16.3,1.8,0.8,11.6,16.4,NA,0.3,0.3,0.6,.121,NA,-1.0,1.2,0.2,0.1
106,Jeff Dowtin,PG,25,TOR,2,8,18.9,.500,.000,.000,0.0,14.4,7.1,41.0,0.0,0.0,0.0,21.7,NA,0.0,0.0,0.0,.149,NA,-1.3,-2.2,-3.5,0.0
107,Goran Dragić,PG,36,CHI,9,156,16.4,.581,.418,.209,1.3,9.7,5.3,32.8,0.6,1.2,12.0,22.6,NA,0.3,0.1,0.4,.134,NA,2.4,-0.6,1.8,0.2
108,Andre Drummond,C,29,CHI,6,101,22.7,.559,.047,.279,22.9,44.7,33.3,8.4,2.8,2.8,18.6,24.9,NA,0.1,0.3,0.3,.156,NA,-1.0,-0.2,-1.3,0.0
109,Chris Duarte,SF,25,IND,8,172,9.3,.539,.536,.174,2.5,9.9,6.1,5.8,0.3,2.2,9.7,19.3,NA,0.0,0.0,0.0,.006,NA,-2.2,-2.9,-5.1,-0.1
110,David Duke Jr.,SG,23,BRK,2,39,7.7,.551,.200,.200,6.0,8.7,7.4,11.0,2.5,0.0,21.6,15.8,NA,0.0,0.0,0.0,-0.006,NA,-6.5,-0.7,-7.2,-0.1
111,Kevin Durant,PF,34,BRK,8,302,26.8,.661,.255,.503,1.5,15.4,8.6,21.2,1.3,4.7,13.6,33.4,NA,1.0,0.1,1.1,.168,NA,6.0,-0.3,5.7,0.6
112,Jalen Duren,C,19,DET,7,145,13.8,.541,.024,.390,15.2,18.7,16.9,1.1,0.3,5.2,15.8,16.4,NA,0.0,0.1,0.1,.032,NA,-3.0,-2.5,-5.5,-0.1
113,Tari Eason,PF,21,HOU,9,152,16.2,.492,.242,.113,12.3,18.1,15.0,6.3,2.8,4.1,8.4,19.0,NA,0.1,0.2,0.3,.096,NA,-0.8,0.1,-0.7,0.1
114,Anthony Edwards,SG,21,MIN,8,295,14.4,.542,.417,.212,1.4,15.0,8.4,16.9,1.4,0.9,12.8,27.3,NA,0.0,0.4,0.3,.056,NA,-0.6,-1.2,-1.8,0.0
115,Kessler Edwards,SF,22,BRK,3,6,30.4,.500,.667,.000,0.0,37.7,19.2,50.4,8.1,0.0,0.0,22.2,NA,0.0,0.0,0.0,.290,NA,11.4,9.3,20.7,0.0
116,Joel Embiid,C,28,PHI,6,207,23.9,.618,.183,.477,4.7,27.9,16.5,17.6,0.7,3.3,14.3,34.4,NA,0.3,0.2,0.5,.120,NA,2.6,-0.2,2.4,0.2
117,Drew Eubanks,C,25,POR,7,91,14.4,.675,.000,.722,11.1,9.8,10.5,4.7,1.1,3.9,17.4,13.5,NA,0.2,0.1,0.3,.149,NA,-2.4,0.1,-2.2,0.0
118,Bruno Fernando,C,24,HOU,2,37,25.9,.799,.000,.333,13.3,23.8,18.3,36.7,1.3,4.8,12.7,8.6,NA,0.2,0.0,0.2,.285,NA,5.2,5.1,10.2,0.1
119,Dorian Finney-Smith,PF,29,DAL,7,230,8.1,.507,.620,.060,6.1,9.9,8.0,3.0,1.3,1.9,7.2,10.8,NA,0.1,0.2,0.3,.065,NA,-2.0,-0.5,-2.5,0.0
120,Malachi Flynn,PG,24,TOR,5,39,15.4,.618,.529,.000,2.8,5.9,4.4,11.8,1.3,0.0,0.0,18.9,NA,0.1,0.0,0.1,.170,NA,-1.2,-0.5,-1.7,0.0
Rk,Player,Pos,Age,Tm,G,MP,PER,TS%,3PAr,FTr,ORB%,DRB%,TRB%,AST%,STL%,BLK%,TOV%,USG%,NA,OWS,DWS,WS,WS/48,NA,OBPM,DBPM,BPM,VORP
121,Simone Fontecchio,SF,27,UTA,4,23,9.3,.591,.636,.000,9.4,9.2,9.3,0.0,0.0,0.0,15.4,23.5,NA,0.0,0.0,0.0,.008,NA,-1.9,-4.0,-5.9,0.0
122,Bryn Forbes,SG,29,MIN,6,60,3.8,.329,.444,.222,5.2,3.3,4.2,8.2,2.3,0.0,9.2,15.0,NA,-0.1,0.1,0.0,-0.040,NA,-7.0,-1.0,-8.0,-0.1
123,Trent Forrest,PG,24,ATL,3,10,0.9,.000,.000,.000,0.0,21.0,10.6,21.8,0.0,0.0,0.0,8.4,NA,0.0,0.0,0.0,-0.099,NA,-7.0,-2.9,-9.9,0.0
124,Evan Fournier,SG,30,NYK,7,171,9.8,.543,.631,.108,0.6,10.2,5.5,8.7,1.4,0.5,9.3,18.2,NA,0.1,0.1,0.2,.064,NA,-2.2,-0.2,-2.4,0.0
125,De'Aaron Fox,PG,25,SAC,6,185,22.1,.639,.298,.240,3.2,19.0,11.3,28.9,1.3,1.8,16.7,32.1,NA,0.3,0.2,0.4,.113,NA,3.3,-0.7,2.5,0.2
126,Wenyen Gabriel,PF,25,LAL,5,56,12.5,.537,.200,.267,7.0,15.8,11.4,7.8,3.3,3.0,15.2,14.5,NA,0.0,0.1,0.1,.104,NA,-5.1,3.2,-1.9,0.0
127,Daniel Gafford,C,24,WAS,8,115,14.5,.654,.000,.483,11.3,13.8,12.6,3.8,1.7,5.7,25.4,18.2,NA,0.0,0.1,0.2,.067,NA,-3.8,0.2,-3.6,0.0
128,Darius Garland,PG,23,CLE,2,56,20.2,.531,.429,.250,0.0,12.4,6.3,42.3,4.4,1.6,16.2,29.1,NA,0.1,0.1,0.2,.167,NA,3.6,5.1,8.7,0.1
129,Usman Garuba,PF,20,HOU,7,85,17.2,.632,.188,.313,20.9,25.9,23.2,10.4,3.9,1.1,33.1,13.0,NA,0.0,0.1,0.2,.102,NA,-0.8,0.4,-0.5,0.0
130,Rudy Gay,SF,36,UTA,6,97,9.3,.473,.516,.129,4.4,18.6,11.6,9.8,1.5,3.4,13.2,16.2,NA,-0.1,0.1,0.1,.045,NA,-4.1,1.3,-2.8,0.0
131,Paul George,SF,32,LAC,7,242,18.4,.551,.405,.214,2.4,16.6,10.1,24.4,2.8,1.0,15.4,30.9,NA,-0.1,0.4,0.4,.079,NA,0.8,0.7,1.5,0.2
132,Taj Gibson,PF,37,WAS,3,11,25.9,.765,.600,.400,0.0,10.3,5.3,0.0,0.0,0.0,0.0,23.7,NA,0.1,0.0,0.1,.268,NA,8.1,0.2,8.3,0.0
133,Josh Giddey,SG,20,OKC,5,145,12.2,.476,.294,.044,3.3,16.8,9.6,30.2,1.0,2.5,17.8,24.0,NA,-0.2,0.2,0.0,.004,NA,-2.5,-0.9,-3.4,-0.1
134,Shai Gilgeous-Alexander,SG,24,OKC,7,251,30.6,.639,.143,.338,2.7,11.5,6.8,31.9,3.2,2.9,11.9,33.1,NA,0.9,0.4,1.3,.254,NA,6.9,2.9,9.8,0.7
135,Anthony Gill,PF,30,WAS,8,108,11.7,.612,.346,.154,6.5,11.6,9.1,7.7,0.5,0.9,6.7,12.2,NA,0.2,0.0,0.2,.108,NA,-1.4,-0.9,-2.3,0.0
136,Rudy Gobert,C,30,MIN,8,260,19.7,.623,.015,.612,15.2,28.0,21.8,5.3,0.7,4.4,12.4,15.4,NA,0.6,0.5,1.0,.192,NA,0.8,-0.7,0.1,0.1
137,Jordan Goodwin,PG,24,WAS,2,21,18.9,.800,.200,.000,5.6,21.6,13.8,14.4,2.3,4.5,28.6,14.8,NA,0.0,0.0,0.1,.131,NA,-0.8,4.3,3.5,0.0
138,Aaron Gordon,PF,27,DEN,8,234,18.5,.609,.300,.278,8.2,14.8,11.5,10.2,0.4,3.4,9.0,20.3,NA,0.5,0.1,0.6,.126,NA,2.2,-2.1,0.0,0.1
139,Eric Gordon,SG,34,HOU,7,222,11.3,.572,.493,.232,0.9,6.9,3.7,15.0,1.5,1.6,17.4,16.8,NA,0.1,0.1,0.2,.039,NA,-1.2,-0.9,-2.2,0.0
140,Devonte' Graham,PG,27,NOP,7,138,11.2,.584,.771,.229,0.8,8.0,4.5,16.1,1.4,0.6,11.5,13.3,NA,0.2,0.1,0.3,.102,NA,-0.2,-1.0,-1.1,0.0
Rk,Player,Pos,Age,Tm,G,MP,PER,TS%,3PAr,FTr,ORB%,DRB%,TRB%,AST%,STL%,BLK%,TOV%,USG%,NA,OWS,DWS,WS,WS/48,NA,OBPM,DBPM,BPM,VORP
141,Jerami Grant,PF,28,POR,7,247,13.0,.583,.420,.543,1.4,11.8,6.6,9.7,0.8,1.8,12.2,19.8,NA,0.3,0.2,0.5,.096,NA,-0.8,-1.0,-1.8,0.0
142,A.J. Green,SG,23,MIL,1,2,15.3,,,,0.0,0.0,0.0,58.1,0.0,0.0,,0.0,NA,0.0,0.0,0.0,.252,NA,4.7,2.3,7.0,0.0
143,Draymond Green,PF,32,GSW,9,262,12.9,.642,.175,.211,3.0,19.8,11.3,25.1,1.8,2.1,26.1,13.3,NA,0.3,0.2,0.5,.085,NA,-1.8,1.2,-0.6,0.1
144,Jalen Green,SG,20,HOU,9,300,11.5,.480,.395,.192,2.0,12.1,6.8,10.2,1.3,0.9,9.0,26.9,NA,-0.2,0.2,0.0,-0.004,NA,-1.3,-2.5,-3.8,-0.1
145,JaMychal Green,PF,32,GSW,9,162,11.6,.498,.381,.119,13.7,18.1,15.8,4.7,2.9,2.8,16.9,13.5,NA,0.0,0.2,0.2,.054,NA,-3.3,-0.7,-4.0,-0.1
146,Javonte Green,SG,29,CHI,9,165,17.3,.655,.333,.308,8.3,14.0,11.0,7.1,3.8,4.5,11.9,12.9,NA,0.3,0.4,0.7,.194,NA,-0.3,3.8,3.6,0.2
147,Jeff Green,PF,36,DEN,8,156,14.2,.594,.250,.479,4.8,13.2,9.0,8.8,1.8,0.0,7.9,17.3,NA,0.3,0.1,0.4,.117,NA,-1.2,-1.3,-2.4,0.0
148,Josh Green,SG,22,DAL,7,111,15.2,.808,.706,.706,8.0,11.8,10.0,6.3,3.2,0.8,21.2,11.5,NA,0.3,0.2,0.4,.175,NA,0.8,1.8,2.7,0.1
149,AJ Griffin,SF,19,ATL,5,41,20.6,.676,.588,.000,5.2,5.1,5.2,10.5,2.3,0.0,0.0,17.4,NA,0.1,0.0,0.2,.200,NA,5.4,-0.2,5.1,0.1
150,Blake Griffin,PF,33,BOS,4,35,11.4,.470,.375,.750,16.4,19.0,17.7,11.3,2.8,0.0,15.8,16.2,NA,0.0,0.0,0.1,.106,NA,-3.2,-0.4,-3.6,0.0
151,Quentin Grimes,SG,22,NYK,1,5,-4.5,.000,1.000,.000,0.0,0.0,0.0,22.5,0.0,0.0,0.0,8.3,NA,0.0,0.0,0.0,-0.111,NA,-11.5,-1.7,-13.2,0.0
152,Rui Hachimura,PF,24,WAS,8,193,12.9,.518,.208,.234,6.1,21.2,13.8,7.7,0.5,2.4,12.4,22.2,NA,-0.1,0.2,0.1,.024,NA,-2.1,-1.8,-3.9,-0.1
153,Tyrese Haliburton,PG,22,IND,8,267,23.6,.637,.405,.306,4.0,11.5,7.6,43.6,2.3,0.4,17.4,25.1,NA,0.9,0.1,1.0,.179,NA,6.1,-0.8,5.3,0.5
154,Jordan Hall,SF,21,SAS,1,21,-1.1,.375,.750,.000,0.0,5.2,2.6,11.5,0.0,0.0,33.3,11.5,NA,-0.1,0.0,-0.1,-0.138,NA,-6.7,-4.6,-11.3,0.0
155,R.J. Hampton,PG,21,ORL,8,131,16.6,.700,.457,.371,4.4,8.8,6.7,11.3,2.6,1.4,14.7,15.6,NA,0.3,0.1,0.4,.163,NA,0.5,1.4,1.9,0.1
156,Tim Hardaway Jr.,SG,30,DAL,6,151,11.2,.503,.578,.375,0.0,7.9,4.1,9.7,1.0,1.2,7.4,24.0,NA,0.0,0.1,0.2,.051,NA,-1.8,-2.2,-3.9,-0.1
157,James Harden,SG,33,PHI,9,331,23.8,.591,.420,.392,1.8,20.7,11.4,42.6,1.5,1.8,13.4,27.1,NA,1.1,0.3,1.3,.194,NA,5.7,0.3,6.0,0.7
158,Jaden Hardy,SG,20,DAL,2,10,-27.9,.000,.400,.000,0.0,23.9,12.3,12.2,0.0,0.0,28.6,31.5,NA,-0.2,0.0,-0.2,-0.744,NA,-26.3,-7.8,-34.1,-0.1
159,Ron Harper Jr.,SF,22,TOR,1,3,-13.0,.000,1.000,.000,0.0,0.0,0.0,0.0,0.0,0.0,0.0,14.5,NA,0.0,0.0,0.0,-0.337,NA,-14.0,-8.7,-22.7,0.0
160,Montrezl Harrell,C,29,PHI,9,93,10.3,.514,.000,.600,6.5,11.4,9.0,5.9,1.1,5.3,10.6,14.1,NA,0.0,0.1,0.1,.055,NA,-4.2,-0.8,-5.1,-0.1
Rk,Player,Pos,Age,Tm,G,MP,PER,TS%,3PAr,FTr,ORB%,DRB%,TRB%,AST%,STL%,BLK%,TOV%,USG%,NA,OWS,DWS,WS,WS/48,NA,OBPM,DBPM,BPM,VORP
161,Joe Harris,SG,31,BRK,6,135,9.1,.509,.684,.079,3.5,10.1,6.8,11.4,1.1,2.0,7.1,13.9,NA,0.0,0.0,0.0,.015,NA,-2.1,-1.6,-3.7,-0.1
162,Kevon Harris,SG,25,ORL,7,91,7.7,.549,.409,.455,6.3,12.7,9.7,6.2,1.6,0.0,21.0,15.7,NA,0.0,0.1,0.0,.020,NA,-4.6,-1.2,-5.9,-0.1
163,Tobias Harris,PF,30,PHI,9,293,16.9,.597,.510,.125,4.6,18.1,11.5,11.7,2.2,2.0,5.6,17.0,NA,0.5,0.3,0.8,.130,NA,2.1,0.1,2.2,0.3
164,Josh Hart,SG,27,POR,7,255,13.2,.594,.188,.438,6.6,20.2,13.4,15.2,1.7,0.7,18.5,11.8,NA,0.4,0.3,0.7,.130,NA,-1.4,1.1,-0.3,0.1
165,Isaiah Hartenstein,C,24,NYK,7,175,16.8,.574,.213,.170,14.9,15.6,15.2,6.1,1.9,4.9,13.7,13.9,NA,0.3,0.3,0.5,.146,NA,-0.6,0.8,0.2,0.1
166,Udonis Haslem,PF,42,MIA,2,10,6.9,.387,.000,.667,0.0,23.1,11.4,0.0,0.0,10.2,0.0,17.1,NA,0.0,0.0,0.0,-0.019,NA,-6.3,-0.8,-7.1,0.0
167,Sam Hauser,PF,25,BOS,7,79,15.2,.790,.950,.100,1.5,12.6,7.1,5.6,1.2,1.0,4.6,12.4,NA,0.2,0.1,0.3,.156,NA,3.4,0.5,4.0,0.1
168,Jaxson Hayes,C,22,NOP,5,37,0.7,.170,.400,.400,3.1,12.0,7.6,9.2,1.3,2.4,14.5,7.9,NA,-0.1,0.0,0.0,-0.044,NA,-7.3,-0.4,-7.7,0.0
169,Killian Hayes,PG,21,DET,9,159,0.1,.231,.327,.096,1.9,11.6,6.5,24.6,1.8,2.1,19.3,17.6,NA,-0.7,0.1,-0.6,-0.182,NA,-9.2,-1.2,-10.4,-0.3
170,Gordon Hayward,SF,32,CHO,8,248,15.0,.568,.264,.349,1.7,12.9,7.2,19.9,1.1,0.7,15.2,24.3,NA,0.1,0.2,0.3,.067,NA,-0.2,-1.0,-1.2,0.1
171,Juancho Hernangómez,PF,27,TOR,4,24,0.7,.000,1.000,.000,0.0,9.6,4.7,9.7,2.0,4.2,33.3,5.4,NA,-0.1,0.0,0.0,-0.042,NA,-7.1,1.3,-5.8,0.0
172,Willy Hernangómez,C,28,NOP,2,14,12.1,.340,.200,.400,32.3,39.6,36.0,8.5,0.0,0.0,14.5,20.8,NA,0.0,0.0,0.0,.050,NA,-3.9,-6.7,-10.7,0.0
173,Tyler Herro,SG,23,MIA,9,276,17.3,.581,.403,.164,2.5,22.2,12.2,13.1,0.9,2.2,10.0,25.4,NA,0.2,0.3,0.5,.089,NA,2.0,-0.5,1.5,0.2
174,Buddy Hield,SG,30,IND,8,239,18.1,.623,.682,.082,4.5,15.7,9.9,21.2,1.0,0.8,10.9,21.6,NA,0.6,0.0,0.6,.118,NA,4.7,-1.4,3.3,0.3
175,Haywood Highsmith,SF,26,MIA,4,21,0.3,.200,.600,.000,0.0,22.0,10.9,0.0,7.0,0.0,28.6,14.7,NA,-0.1,0.1,-0.1,-0.163,NA,-11.7,4.0,-7.7,0.0
176,George Hill,PG,36,MIL,7,153,10.3,.597,.586,.552,2.0,7.8,5.0,16.0,0.3,0.0,7.7,10.5,NA,0.3,0.2,0.5,.162,NA,-3.0,0.4,-2.6,0.0
177,Malcolm Hill,SF,27,CHI,2,1,12.2,,,,0.0,100.0,55.1,0.0,0.0,0.0,,0.0,NA,0.0,0.0,0.0,.153,NA,-5.1,6.5,1.3,0.0
178,Aaron Holiday,PG,26,ATL,8,149,10.3,.589,.250,.194,2.9,3.5,3.2,10.9,1.9,1.7,15.2,12.9,NA,0.1,0.1,0.2,.060,NA,-2.3,-0.1,-2.4,0.0
179,Jrue Holiday,PG,32,MIL,7,240,20.0,.542,.392,.192,3.0,12.5,7.8,34.3,2.2,2.1,12.2,25.5,NA,0.4,0.5,1.0,.192,NA,2.7,1.8,4.5,0.4
180,Justin Holiday,SG,33,ATL,8,155,6.8,.479,.667,.000,0.0,4.1,2.0,11.3,0.6,1.6,2.0,13.2,NA,0.1,0.0,0.1,.027,NA,-3.4,-1.5,-4.9,-0.1
Rk,Player,Pos,Age,Tm,G,MP,PER,TS%,3PAr,FTr,ORB%,DRB%,TRB%,AST%,STL%,BLK%,TOV%,USG%,NA,OWS,DWS,WS,WS/48,NA,OBPM,DBPM,BPM,VORP
181,Richaun Holmes,PF,29,SAC,7,96,9.9,.727,.000,.333,7.5,16.5,12.1,0.0,1.0,0.9,19.5,11.5,NA,0.1,0.1,0.2,.075,NA,-4.2,-1.3,-5.5,-0.1
182,Al Horford,C,36,BOS,6,187,9.6,.585,.659,.023,4.3,17.8,11.2,7.6,0.3,1.8,11.9,12.1,NA,0.1,0.1,0.2,.062,NA,-0.4,-0.5,-0.9,0.0
183,Talen Horton-Tucker,SG,22,UTA,9,148,11.2,.471,.435,.177,4.4,15.1,9.8,13.7,2.6,1.7,11.9,21.3,NA,-0.1,0.2,0.1,.045,NA,-4.4,0.7,-3.7,-0.1
184,Danuel House Jr.,SF,29,PHI,9,148,6.5,.518,.593,.407,3.3,11.2,7.3,8.0,1.0,0.7,15.9,11.8,NA,0.0,0.1,0.0,.014,NA,-3.4,-1.5,-4.9,-0.1
185,Caleb Houstan,SF,20,ORL,6,102,1.8,.391,.700,.200,1.1,10.3,5.9,3.9,0.9,0.9,12.1,10.4,NA,-0.1,0.1,-0.1,-0.028,NA,-6.6,-0.7,-7.3,-0.1
186,Trevor Hudgins,PG,23,HOU,1,4,30.6,1.500,1.000,.000,0.0,0.0,0.0,0.0,0.0,0.0,0.0,10.1,NA,0.0,0.0,0.0,.257,NA,15.4,0.5,15.9,0.0
187,Kevin Huerter,SG,24,SAC,7,223,18.6,.692,.644,.218,0.0,10.1,5.2,18.5,0.9,0.4,6.8,19.8,NA,0.7,0.1,0.8,.169,NA,4.3,-1.2,3.1,0.3
188,De'Andre Hunter,SF,25,ATL,8,229,11.5,.563,.323,.152,1.9,11.0,6.5,6.2,0.6,0.4,7.0,20.8,NA,0.1,0.1,0.2,.050,NA,-2.1,-2.2,-4.3,-0.1
189,Bones Hyland,PG,22,DEN,6,109,12.6,.504,.508,.302,0.0,6.0,3.0,29.5,0.4,1.6,12.3,31.9,NA,0.0,0.0,0.0,.011,NA,0.8,-4.3,-3.5,0.0
190,Serge Ibaka,PF,33,MIL,6,50,7.0,.576,.385,.154,6.2,17.9,12.2,0.0,0.0,4.9,22.4,14.8,NA,0.0,0.1,0.1,.062,NA,-7.1,-0.4,-7.5,-0.1
191,Brandon Ingram,SF,25,NOP,3,79,27.3,.692,.184,.579,0.0,23.9,12.0,24.0,2.5,1.1,17.3,30.9,NA,0.2,0.1,0.4,.220,NA,5.4,1.9,7.3,0.2
192,Kyrie Irving,PG,30,BRK,8,309,20.3,.566,.436,.238,2.3,12.8,7.6,23.1,1.7,2.6,9.1,30.0,NA,0.5,0.1,0.6,.086,NA,2.7,-1.5,1.2,0.2
193,Jaden Ivey,SG,20,DET,8,249,12.6,.525,.330,.260,3.2,10.4,6.7,17.4,2.5,0.3,13.9,21.7,NA,0.0,0.1,0.1,.013,NA,-2.1,-0.5,-2.6,0.0
194,Isaiah Jackson,PF,21,IND,8,148,18.3,.593,.022,.478,9.4,21.6,15.3,10.8,1.6,7.0,9.7,16.8,NA,0.3,0.1,0.4,.138,NA,-1.4,1.1,-0.3,0.1
195,Justin Jackson,SF,27,BOS,2,9,17.1,.750,.750,.000,0.0,0.0,0.0,0.0,0.0,0.0,0.0,20.0,NA,0.0,0.0,0.0,.126,NA,6.0,-1.9,4.2,0.0
196,Reggie Jackson,PG,32,LAC,8,232,7.8,.433,.422,.133,1.5,5.9,3.9,21.1,1.3,0.4,12.9,19.2,NA,-0.3,0.2,-0.1,-0.012,NA,-4.4,-1.7,-6.1,-0.2
197,LeBron James,PF,38,LAL,7,257,19.1,.512,.342,.232,4.9,19.2,12.0,36.0,1.6,1.9,13.6,31.6,NA,-0.1,0.5,0.4,.069,NA,2.4,1.2,3.7,0.4
198,Ty Jerome,SG,25,GSW,6,77,12.5,.751,.563,.375,0.0,2.9,1.4,15.0,0.6,1.2,9.7,11.1,NA,0.2,0.0,0.2,.128,NA,0.2,-1.5,-1.4,0.0
199,Isaiah Joe,SG,23,OKC,6,18,41.0,.871,.750,.500,0.0,18.5,8.6,36.6,2.6,0.0,0.0,22.4,NA,0.2,0.0,0.2,.571,NA,15.7,6.6,22.3,0.1
200,Cameron Johnson,PF,26,PHO,7,197,17.8,.606,.617,.136,2.9,13.0,7.9,9.3,2.3,1.5,2.3,19.2,NA,0.5,0.3,0.7,.182,NA,3.7,0.6,4.3,0.3
Rk,Player,Pos,Age,Tm,G,MP,PER,TS%,3PAr,FTr,ORB%,DRB%,TRB%,AST%,STL%,BLK%,TOV%,USG%,NA,OWS,DWS,WS,WS/48,NA,OBPM,DBPM,BPM,VORP
201,Jalen Johnson,SF,21,ATL,8,108,9.2,.525,.407,.370,3.9,17.5,10.8,5.7,0.9,0.8,6.0,12.9,NA,0.1,0.1,0.2,.070,NA,-3.9,-1.1,-5.0,-0.1
202,James Johnson,PF,35,IND,3,44,7.3,.458,.417,.000,0.0,18.1,8.8,12.1,1.1,4.3,0.0,11.0,NA,0.0,0.0,0.0,.048,NA,-5.3,0.8,-4.5,0.0
203,Keldon Johnson,SF,23,SAS,7,235,18.2,.603,.504,.285,1.8,15.9,8.8,19.3,1.8,0.3,12.6,27.2,NA,0.3,0.1,0.4,.090,NA,2.8,-1.4,1.4,0.2
204,Keon Johnson,SG,20,POR,4,52,12.4,.551,.600,.100,2.2,21.5,11.8,18.0,1.9,3.4,22.3,22.1,NA,0.0,0.1,0.0,.034,NA,-2.7,0.7,-2.1,0.0
205,Nikola Jokić,C,27,DEN,8,265,27.3,.686,.198,.521,6.1,31.1,18.5,41.1,1.8,1.3,19.2,23.5,NA,1.1,0.3,1.5,.263,NA,6.0,2.8,8.8,0.7
206,Damian Jones,C,27,LAL,5,51,8.0,.416,.077,.462,11.5,17.4,14.4,8.1,0.0,4.9,16.1,15.0,NA,-0.1,0.1,0.0,.024,NA,-6.6,-0.1,-6.7,-0.1
207,Derrick Jones Jr.,SF,25,CHI,7,102,19.2,.593,.259,.852,11.3,11.4,11.3,8.2,1.4,4.6,2.6,15.8,NA,0.4,0.1,0.5,.237,NA,1.9,0.7,2.6,0.1
208,Herbert Jones,SF,24,NOP,3,95,6.3,.479,.316,.474,6.0,5.8,5.9,7.5,0.0,3.7,11.6,11.6,NA,0.0,0.1,0.1,.047,NA,-4.6,-1.0,-5.6,-0.1
209,Kai Jones,C,22,CHO,4,17,21.7,.666,.600,.800,0.0,0.0,0.0,16.9,0.0,10.1,0.0,16.6,NA,0.1,0.0,0.1,.212,NA,5.9,4.3,10.2,0.1
210,Tre Jones,PG,23,SAS,8,237,12.5,.505,.217,.386,3.6,13.0,8.3,24.9,2.0,0.6,15.6,19.6,NA,0.1,0.1,0.3,.051,NA,-2.5,-0.9,-3.4,-0.1
211,Tyus Jones,PG,26,MEM,8,203,13.9,.519,.432,.091,1.6,6.9,4.3,25.0,1.4,0.5,10.7,20.8,NA,0.2,0.0,0.2,.050,NA,0.3,-2.6,-2.4,0.0
212,DeAndre Jordan,C,34,DEN,6,73,18.8,.752,.063,.750,13.2,35.7,24.3,5.8,0.7,4.8,24.8,16.5,NA,0.1,0.1,0.2,.131,NA,-0.9,-0.4,-1.3,0.0
213,Cory Joseph,PG,31,DET,8,121,9.9,.546,.478,.261,1.7,7.2,4.3,26.2,0.8,0.7,13.5,10.2,NA,0.2,0.0,0.2,.062,NA,-2.3,-1.0,-3.3,0.0
214,Nikola Jović,PF,19,MIA,3,22,5.8,.429,.429,.000,5.1,5.3,5.2,6.7,4.5,0.0,12.5,16.0,NA,0.0,0.0,0.0,-0.006,NA,-9.5,-0.1,-9.7,0.0
215,Frank Kaminsky,C,29,ATL,3,11,13.0,.725,1.000,4.000,0.0,28.6,14.4,19.8,0.0,0.0,26.6,14.3,NA,0.0,0.0,0.0,.158,NA,-2.2,2.9,0.7,0.0
216,Trevor Keels,SG,19,NYK,1,1,-25.6,.000,1.000,.000,0.0,97.2,49.4,0.0,0.0,0.0,0.0,41.4,NA,0.0,0.0,0.0,-0.750,NA,-36.4,-8.6,-44.9,0.0
217,Luke Kennard,SG,26,LAC,8,196,9.2,.626,.545,.036,2.4,14.0,8.6,3.9,0.7,0.0,16.4,15.1,NA,0.0,0.2,0.2,.059,NA,-2.9,-1.3,-4.2,-0.1
218,Walker Kessler,C,21,UTA,6,87,17.3,.642,.000,.938,13.6,18.3,16.0,9.3,1.1,7.5,18.1,13.2,NA,0.2,0.1,0.3,.171,NA,-2.5,2.4,0.0,0.0
219,Braxton Key,SF,25,DET,2,7,24.3,1.064,.000,2.000,0.0,15.5,7.4,0.0,0.0,0.0,0.0,11.2,NA,0.0,0.0,0.0,.308,NA,5.0,0.4,5.5,0.0
220,Maxi Kleber,C,31,DAL,7,187,8.9,.573,.704,.444,4.7,15.3,10.2,3.5,1.1,3.4,13.4,9.0,NA,0.1,0.2,0.3,.087,NA,-1.8,0.1,-1.7,0.0
Rk,Player,Pos,Age,Tm,G,MP,PER,TS%,3PAr,FTr,ORB%,DRB%,TRB%,AST%,STL%,BLK%,TOV%,USG%,NA,OWS,DWS,WS,WS/48,NA,OBPM,DBPM,BPM,VORP
221,Nathan Knight,PF,25,MIN,2,4,2.2,,,,0.0,49.2,25.3,0.0,0.0,0.0,,0.0,NA,0.0,0.0,0.0,.107,NA,-9.5,1.1,-8.4,0.0
222,Kevin Knox,SF,23,DET,6,41,-4.9,.275,.600,.000,2.4,13.2,7.6,0.0,1.2,0.0,9.1,22.4,NA,-0.2,0.0,-0.2,-0.259,NA,-13.0,-4.9,-17.9,-0.2
223,Christian Koloko,C,22,TOR,8,131,7.8,.466,.000,.500,8.5,16.7,12.5,2.9,1.1,6.1,13.0,10.2,NA,0.0,0.2,0.2,.070,NA,-6.5,0.4,-6.1,-0.1
224,John Konchar,SG,26,MEM,7,186,13.2,.599,.667,.044,5.9,15.1,10.5,4.9,3.1,1.0,8.0,11.1,NA,0.3,0.1,0.4,.104,NA,-0.3,0.9,0.6,0.1
225,Furkan Korkmaz,SG,25,PHI,2,4,1.2,.000,1.000,.000,0.0,29.5,15.0,30.2,0.0,0.0,0.0,11.6,NA,0.0,0.0,0.0,-0.147,NA,-7.3,-2.1,-9.4,0.0
226,Luke Kornet,C,27,BOS,5,59,10.0,.635,.286,.286,9.7,15.0,12.4,15.9,0.0,4.2,33.7,9.0,NA,0.1,0.0,0.1,.081,NA,-1.2,1.2,0.0,0.0
227,Vit Krejci,PG,22,ATL,4,11,15.4,.833,.667,.000,0.0,9.5,4.8,12.4,0.0,0.0,0.0,11.4,NA,0.0,0.0,0.0,.195,NA,0.3,-0.3,0.0,0.0
228,Jonathan Kuminga,PF,20,GSW,6,65,2.1,.454,.267,.400,6.8,12.1,9.4,5.6,0.7,1.4,28.4,15.6,NA,-0.1,0.0,-0.1,-0.090,NA,-8.7,-3.1,-11.9,-0.2
229,Kyle Kuzma,PF,27,WAS,8,263,14.5,.567,.394,.266,2.7,22.9,13.0,10.3,0.4,2.1,10.3,22.9,NA,0.2,0.2,0.4,.075,NA,-0.8,-1.0,-1.8,0.0
230,Anthony Lamb,SF,25,GSW,1,9,10.5,1.000,.000,.000,0.0,25.0,12.4,14.2,0.0,0.0,0.0,4.6,NA,0.0,0.0,0.0,.152,NA,-4.0,0.6,-3.4,0.0
231,Jock Landale,C,27,PHO,7,121,16.5,.549,.352,.296,11.4,20.2,15.8,4.8,0.4,4.8,7.6,23.5,NA,0.2,0.2,0.4,.141,NA,-2.6,-1.5,-4.1,-0.1
232,Romeo Langford,SG,23,SAS,5,75,6.3,.437,.227,.091,10.1,5.9,8.0,3.5,1.2,1.0,11.6,13.9,NA,0.0,0.0,0.0,-0.027,NA,-4.7,-2.0,-6.7,-0.1
233,Jake LaRavia,PF,21,MEM,5,91,14.4,.740,.652,.130,7.2,16.7,11.9,2.9,1.1,2.0,7.6,11.9,NA,0.3,0.0,0.3,.156,NA,0.2,-1.0,-0.8,0.0
234,Zach LaVine,SG,27,CHI,6,198,17.5,.567,.455,.287,0.5,11.1,5.6,20.9,1.5,0.5,8.8,26.7,NA,0.3,0.2,0.5,.127,NA,2.4,-0.3,2.1,0.2
235,Damion Lee,SG,30,PHO,7,116,8.6,.507,.633,.267,3.0,13.0,8.0,8.5,1.3,0.0,5.6,13.2,NA,0.1,0.1,0.2,.093,NA,-2.0,-0.1,-2.2,0.0
236,Alex Len,C,29,SAC,3,8,-2.8,.266,.000,2.000,0.0,28.3,14.6,0.0,0.0,0.0,0.0,10.1,NA,0.0,0.0,0.0,-0.081,NA,-10.8,-3.4,-14.1,0.0
237,Kawhi Leonard,SF,31,LAC,2,42,20.6,.569,.333,.500,11.0,20.9,16.4,15.6,3.5,0.0,15.4,27.3,NA,0.0,0.1,0.1,.154,NA,1.3,2.3,3.6,0.1
238,Caris LeVert,SG,28,CLE,7,256,11.6,.507,.460,.379,2.3,10.8,6.6,24.0,1.4,0.3,13.6,20.2,NA,0.2,0.4,0.6,.111,NA,-1.0,0.8,-0.1,0.1
239,Damian Lillard,PG,32,POR,5,175,27.1,.671,.526,.433,3.8,11.5,7.7,24.3,1.1,1.0,14.1,32.9,NA,0.7,0.2,0.9,.240,NA,8.5,-0.5,8.0,0.4
240,Nassir Little,PF,22,POR,7,100,10.9,.543,.533,.167,2.2,14.5,8.4,8.9,1.5,0.0,8.5,15.0,NA,0.1,0.1,0.2,.076,NA,-1.1,-0.7,-1.9,0.0
Rk,Player,Pos,Age,Tm,G,MP,PER,TS%,3PAr,FTr,ORB%,DRB%,TRB%,AST%,STL%,BLK%,TOV%,USG%,NA,OWS,DWS,WS,WS/48,NA,OBPM,DBPM,BPM,VORP
241,Isaiah Livers,PF,24,DET,7,126,7.0,.555,.844,.094,4.0,9.5,6.6,5.6,1.1,0.7,13.0,12.7,NA,0.0,0.0,0.0,.015,NA,-2.6,-1.3,-4.0,-0.1
242,Kenneth Lofton Jr.,PF,20,MEM,3,14,11.0,.436,.111,.333,7.8,7.7,7.8,12.0,0.0,0.0,0.0,30.4,NA,0.0,0.0,0.0,-0.024,NA,-2.5,-4.6,-7.0,0.0
243,Kevon Looney,C,26,GSW,9,212,15.9,.652,.000,.279,10.4,18.6,14.5,18.6,0.7,0.8,4.0,9.8,NA,0.7,0.1,0.8,.177,NA,0.8,-0.2,0.6,0.1
244,Brook Lopez,C,34,MIL,7,216,18.7,.599,.537,.110,7.2,15.2,11.3,5.5,1.1,8.0,8.5,18.0,NA,0.4,0.5,0.9,.203,NA,1.0,2.4,3.5,0.3
245,Robin Lopez,C,34,CLE,4,44,20.9,.762,.000,.071,13.6,10.5,12.0,3.9,0.0,4.1,12.2,16.4,NA,0.1,0.1,0.2,.212,NA,1.4,0.4,1.8,0.0
246,Kevin Love,PF,34,CLE,7,135,18.5,.603,.695,.220,2.7,41.1,22.2,12.7,0.0,0.7,8.5,23.0,NA,0.3,0.3,0.5,.192,NA,4.3,1.3,5.6,0.3
247,Kyle Lowry,PG,36,MIA,9,312,14.4,.587,.663,.382,1.8,11.5,6.6,24.4,2.0,1.0,14.8,17.2,NA,0.5,0.3,0.8,.118,NA,0.1,0.7,0.7,0.2
248,Trey Lyles,PF,27,SAC,5,71,11.2,.488,.760,.240,5.1,23.9,14.8,9.7,2.7,3.5,15.3,19.8,NA,-0.1,0.1,0.0,.012,NA,-2.4,0.7,-1.7,0.0
249,Théo Maledon,PG,21,CHO,7,99,13.8,.628,.500,.231,1.1,7.5,4.3,27.3,1.9,1.7,23.9,15.9,NA,0.1,0.1,0.2,.093,NA,-0.7,0.4,-0.3,0.0
250,Sandro Mamukelashvili,C,23,MIL,1,2,-25.1,,,,0.0,0.0,0.0,0.0,0.0,0.0,100.0,20.7,NA,0.0,0.0,0.0,-0.633,NA,-23.5,-4.5,-28.0,0.0
251,Terance Mann,SG,26,LAC,8,128,12.0,.665,.300,.233,5.4,13.0,9.5,7.2,0.8,2.0,19.5,14.2,NA,0.1,0.2,0.2,.091,NA,-2.6,-0.4,-3.0,0.0
252,Tre Mann,PG,21,OKC,8,208,12.7,.484,.467,.152,3.2,10.1,6.4,16.3,1.6,0.4,4.8,20.5,NA,0.1,0.2,0.3,.073,NA,-1.7,-0.8,-2.5,0.0
253,Boban Marjanović,C,34,HOU,3,9,16.2,.602,.000,1.500,11.0,24.4,17.3,16.2,0.0,0.0,23.1,19.5,NA,0.0,0.0,0.0,.071,NA,0.4,-1.4,-1.0,0.0
254,Lauri Markkanen,SF,25,UTA,9,305,20.4,.606,.397,.233,7.1,21.3,14.2,12.3,0.9,2.1,10.1,24.4,NA,0.6,0.4,1.1,.167,NA,2.1,-0.4,1.7,0.3
255,Naji Marshall,SF,25,NOP,7,185,14.2,.602,.352,.278,5.5,10.2,7.9,11.3,2.1,1.4,14.2,16.1,NA,0.2,0.2,0.4,.116,NA,0.0,-0.5,-0.5,0.1
256,Caleb Martin,PF,27,MIA,8,213,11.3,.503,.274,.097,7.9,11.4,9.6,8.2,2.8,0.0,8.5,14.6,NA,0.1,0.2,0.3,.075,NA,-2.3,-0.1,-2.4,0.0
257,Cody Martin,SF,27,CHO,1,1,0.0,,,,0.0,0.0,0.0,0.0,0.0,0.0,,0.0,NA,0.0,0.0,0.0,.008,NA,-5.2,-1.5,-6.7,0.0
258,Kenyon Martin Jr.,SF,22,HOU,9,226,11.3,.526,.389,.306,3.9,17.5,10.4,9.4,1.1,1.6,10.9,16.5,NA,0.1,0.2,0.3,.055,NA,-2.0,-0.8,-2.8,0.0
259,Tyrese Martin,SG,23,ATL,4,12,22.2,.700,.400,.000,8.9,0.0,4.4,0.0,4.0,0.0,0.0,17.4,NA,0.0,0.0,0.0,.199,NA,4.7,1.4,6.1,0.0
260,Garrison Mathews,SG,26,HOU,9,120,6.0,.538,1.000,.276,0.8,7.3,3.9,4.6,1.2,0.7,11.0,12.4,NA,0.0,0.0,0.1,.037,NA,-4.5,-1.1,-5.5,-0.1
Rk,Player,Pos,Age,Tm,G,MP,PER,TS%,3PAr,FTr,ORB%,DRB%,TRB%,AST%,STL%,BLK%,TOV%,USG%,NA,OWS,DWS,WS,WS/48,NA,OBPM,DBPM,BPM,VORP
261,Bennedict Mathurin,SG,20,IND,8,216,18.7,.611,.430,.386,5.9,11.6,8.7,12.6,0.9,0.0,11.3,28.0,NA,0.5,0.0,0.5,.106,NA,3.0,-3.0,0.0,0.1
262,Wesley Matthews,SG,36,MIL,7,112,7.6,.487,.815,.148,7.4,8.0,7.7,4.6,2.1,1.5,14.8,12.5,NA,0.0,0.2,0.2,.091,NA,-3.7,1.5,-2.2,0.0
263,Tyrese Maxey,SG,22,PHI,9,340,19.0,.633,.400,.252,1.1,9.7,5.5,15.4,1.3,0.3,9.5,25.9,NA,0.7,0.1,0.8,.115,NA,2.7,-2.0,0.6,0.2
264,Miles McBride,PG,22,NYK,2,3,-17.6,.000,,,0.0,0.0,0.0,0.0,0.0,0.0,0.0,12.2,NA,0.0,0.0,0.0,-0.358,NA,-19.0,-3.4,-22.4,0.0
265,CJ McCollum,SG,31,NOP,7,246,17.0,.483,.329,.112,1.8,11.7,6.8,30.9,1.8,1.1,6.8,27.7,NA,0.3,0.3,0.5,.102,NA,1.1,-1.2,-0.1,0.1
266,T.J. McConnell,PG,30,IND,7,101,7.3,.343,.029,.000,4.2,7.9,6.0,25.2,4.2,1.9,22.2,17.9,NA,-0.3,0.1,-0.2,-0.082,NA,-5.9,0.8,-5.1,-0.1
267,Jaden McDaniels,PF,22,MIN,8,242,12.0,.614,.362,.310,4.3,5.7,5.0,4.4,2.5,4.3,14.3,13.1,NA,0.2,0.3,0.5,.104,NA,-2.6,1.3,-1.4,0.0
268,Jalen McDaniels,SF,25,CHO,8,210,14.1,.549,.378,.162,4.5,18.8,11.6,12.5,2.3,2.4,11.2,17.7,NA,0.1,0.3,0.5,.109,NA,-1.0,1.6,0.6,0.1
269,Doug McDermott,SF,31,SAS,8,169,11.8,.586,.613,.080,1.9,11.7,6.8,12.1,0.0,0.9,9.3,20.4,NA,0.2,0.0,0.1,.042,NA,0.8,-2.8,-1.9,0.0
270,JaVale McGee,C,35,DAL,6,68,16.5,.552,.000,.571,13.0,22.8,18.1,4.5,2.2,5.3,18.6,21.3,NA,0.0,0.1,0.1,.088,NA,-3.3,-0.2,-3.5,0.0
271,Bryce McGowens,SG,20,CHO,4,13,15.4,.500,.250,.000,0.0,8.2,4.1,10.7,3.6,6.6,0.0,12.8,NA,0.0,0.0,0.0,.117,NA,-0.6,5.2,4.6,0.0
272,Rodney McGruder,SG,31,DET,3,9,4.7,.500,1.000,.000,0.0,12.0,5.8,0.0,0.0,0.0,0.0,13.9,NA,0.0,0.0,0.0,-0.012,NA,-3.9,-3.3,-7.1,0.0
273,Jordan McLaughlin,PG,26,MIN,6,105,11.6,.502,.480,.080,2.0,10.3,6.3,24.6,1.8,0.0,13.4,11.7,NA,0.1,0.1,0.2,.094,NA,-1.9,0.2,-1.7,0.0
274,De'Anthony Melton,PG,24,PHI,8,180,19.1,.620,.450,.050,1.4,13.8,7.7,15.2,4.5,0.5,4.7,16.6,NA,0.4,0.2,0.6,.161,NA,0.8,3.2,4.1,0.3
275,Chimezie Metu,C,25,SAC,3,25,10.2,.381,.429,.286,0.0,31.7,16.3,15.6,1.9,3.3,0.0,13.6,NA,0.0,0.0,0.0,.055,NA,-4.5,1.0,-3.5,0.0
276,Patty Mills,PG,34,BRK,8,109,14.3,.677,.824,.294,2.1,4.1,3.2,8.0,0.4,0.0,5.0,16.4,NA,0.3,-0.1,0.2,.102,NA,2.4,-3.2,-0.8,0.0
277,Shake Milton,SG,26,PHI,5,45,2.8,.433,.200,.000,5.4,13.1,9.3,19.2,0.0,2.2,28.6,21.6,NA,-0.1,0.0,-0.1,-0.143,NA,-7.8,-3.7,-11.5,-0.1
278,Davion Mitchell,PG,24,SAC,7,138,8.3,.571,.478,.065,0.0,10.7,5.5,15.7,1.4,0.0,20.2,18.5,NA,-0.1,0.1,0.0,-0.011,NA,-4.6,-1.6,-6.2,-0.1
279,Donovan Mitchell,SG,26,CLE,7,278,24.1,.611,.400,.263,3.0,10.0,6.5,32.6,2.0,1.6,12.3,32.1,NA,0.8,0.5,1.3,.231,NA,6.4,1.8,8.2,0.7
280,Evan Mobley,PF,21,CLE,7,240,15.5,.645,.123,.384,5.0,15.9,10.5,9.6,1.4,2.6,17.4,18.9,NA,0.3,0.5,0.8,.152,NA,-0.9,2.3,1.4,0.2
Rk,Player,Pos,Age,Tm,G,MP,PER,TS%,3PAr,FTr,ORB%,DRB%,TRB%,AST%,STL%,BLK%,TOV%,USG%,NA,OWS,DWS,WS,WS/48,NA,OBPM,DBPM,BPM,VORP
281,Isaiah Mobley,PF,23,CLE,1,4,30.4,1.500,1.000,.000,0.0,28.9,14.7,0.0,0.0,0.0,0.0,11.0,NA,0.0,0.0,0.0,.305,NA,12.0,4.6,16.7,0.0
282,Chima Moneke,SF,27,SAC,1,6,0.0,.000,.000,2.000,40.0,0.0,19.4,19.6,0.0,0.0,0.0,13.5,NA,0.0,0.0,0.0,-0.095,NA,-9.2,-7.2,-16.4,0.0
283,Malik Monk,SG,24,SAC,7,130,15.6,.534,.645,.097,3.7,10.4,7.2,35.0,1.5,1.9,15.7,25.4,NA,0.1,0.1,0.2,.061,NA,1.9,-1.5,0.4,0.1
284,Moses Moody,SG,20,GSW,9,145,7.7,.537,.705,.227,3.1,11.7,7.3,3.5,1.6,3.1,18.5,16.9,NA,-0.2,0.1,-0.1,-0.027,NA,-2.8,-1.9,-4.7,-0.1
285,Wendell Moore Jr.,SG,21,MIN,1,2,-43.0,.000,1.000,.000,0.0,0.0,0.0,0.0,0.0,0.0,50.0,41.3,NA,0.0,0.0,0.0,-1.145,NA,-28.9,-14.9,-43.8,0.0
286,Ja Morant,PG,23,MEM,7,228,29.9,.648,.194,.504,3.8,13.3,8.6,35.1,1.3,1.2,14.2,35.8,NA,1.0,0.1,1.1,.230,NA,8.1,-0.4,7.6,0.6
287,Marcus Morris,PF,33,LAC,6,175,17.9,.620,.414,.057,2.6,17.3,10.6,12.6,1.7,0.5,6.5,19.4,NA,0.3,0.3,0.6,.164,NA,1.6,0.9,2.5,0.2
288,Markieff Morris,PF,33,BRK,4,37,7.0,.667,.889,.000,3.2,21.4,12.4,3.8,1.3,2.4,30.8,15.6,NA,0.0,0.0,0.0,-0.041,NA,-4.6,-1.2,-5.7,0.0
289,Monte Morris,PG,27,WAS,8,222,14.5,.510,.349,.238,1.6,14.8,8.3,27.5,1.6,0.8,7.9,15.1,NA,0.3,0.2,0.5,.110,NA,-0.4,0.3,-0.1,0.1
290,Trey Murphy III,SF,22,NOP,7,230,16.0,.687,.580,.174,6.4,13.5,10.0,5.2,1.7,0.4,8.6,14.9,NA,0.6,0.2,0.8,.168,NA,2.2,-1.0,1.2,0.2
291,Dejounte Murray,SG,26,ATL,8,291,21.2,.556,.313,.127,1.5,15.5,8.5,31.5,3.1,1.5,11.7,25.8,NA,0.4,0.4,0.8,.130,NA,3.3,1.1,4.5,0.5
292,Jamal Murray,PG,25,DEN,7,193,11.6,.501,.356,.129,1.1,11.2,6.1,16.3,1.5,0.0,12.3,26.9,NA,-0.2,0.1,-0.1,-0.022,NA,-2.0,-3.5,-5.5,-0.2
293,Keegan Murray,SF,22,SAC,6,205,11.8,.610,.581,.095,3.5,9.9,6.8,7.2,0.7,2.8,15.4,19.1,NA,0.0,0.1,0.1,.034,NA,-0.7,-1.9,-2.6,0.0
294,Mike Muscala,C,31,OKC,7,92,17.0,.599,.529,.294,6.3,32.5,18.5,7.7,0.0,2.0,7.2,18.6,NA,0.2,0.1,0.3,.167,NA,-0.2,-1.2,-1.4,0.0
295,Svi Mykhailiuk,SF,25,NYK,1,2,72.6,1.500,1.000,.000,0.0,97.2,49.4,0.0,0.0,0.0,0.0,20.7,NA,0.0,0.0,0.0,.507,NA,38.9,14.4,53.3,0.0
296,Larry Nance Jr.,PF,30,NOP,7,158,16.4,.623,.109,.065,5.7,20.4,13.1,16.4,2.2,2.8,16.0,15.1,NA,0.2,0.2,0.5,.140,NA,-0.1,1.7,1.7,0.1
297,Andrew Nembhard,SG,23,IND,7,109,12.6,.531,.618,.118,2.9,10.5,6.6,23.4,1.7,0.9,7.7,14.3,NA,0.2,0.0,0.2,.097,NA,-0.6,-0.5,-1.1,0.0
298,Aaron Nesmith,SF,23,IND,6,131,9.9,.554,.512,.209,2.4,15.7,8.8,9.5,0.4,3.6,11.3,16.3,NA,0.1,0.0,0.1,.034,NA,-3.1,-1.2,-4.4,-0.1
299,Raul Neto,PG,30,CLE,6,61,10.9,.506,.353,.235,3.9,9.5,6.7,18.4,1.6,0.0,9.6,14.9,NA,0.1,0.1,0.2,.131,NA,-3.3,1.9,-1.3,0.0
300,Georges Niang,PF,29,PHI,9,150,13.4,.694,.725,.039,1.6,11.0,6.4,4.1,0.3,1.3,8.8,17.6,NA,0.2,0.0,0.3,.084,NA,1.1,-2.6,-1.5,0.0
Rk,Player,Pos,Age,Tm,G,MP,PER,TS%,3PAr,FTr,ORB%,DRB%,TRB%,AST%,STL%,BLK%,TOV%,USG%,NA,OWS,DWS,WS,WS/48,NA,OBPM,DBPM,BPM,VORP
301,Daishen Nix,PG,20,HOU,7,103,9.6,.594,.654,.154,2.9,5.3,4.0,18.2,1.4,0.9,24.5,14.5,NA,0.0,0.0,0.1,.028,NA,-1.1,-1.8,-3.0,0.0
302,Zeke Nnaji,PF,22,DEN,6,25,11.1,.551,.200,.200,12.8,8.7,10.8,0.0,1.9,0.0,8.4,20.3,NA,0.0,0.0,0.0,.083,NA,-7.3,-3.2,-10.5,-0.1
303,Nerlens Noel,C,28,DET,2,32,9.8,.381,.000,.286,6.3,16.9,11.4,12.7,1.5,2.6,0.0,10.3,NA,0.0,0.0,0.0,.046,NA,-1.3,0.5,-0.8,0.0
304,Jaylen Nowell,SG,23,MIN,8,162,15.7,.459,.340,.107,5.1,14.0,9.7,18.7,1.4,0.5,1.8,28.0,NA,0.1,0.2,0.2,.074,NA,-0.6,-1.8,-2.3,0.0
305,Kendrick Nunn,PG,27,LAL,6,79,0.5,.401,.524,.024,0.0,13.7,6.8,11.7,0.6,1.0,19.1,27.3,NA,-0.4,0.1,-0.3,-0.193,NA,-9.3,-2.7,-12.0,-0.2
306,Jusuf Nurkić,C,28,POR,7,218,19.7,.596,.095,.405,12.3,31.8,22.1,13.5,1.3,2.8,16.3,20.4,NA,0.4,0.4,0.8,.176,NA,-0.1,0.5,0.4,0.1
307,Jordan Nwora,SF,24,MIL,7,116,7.4,.510,.526,.132,5.3,16.3,10.9,3.5,1.2,0.0,18.3,17.5,NA,-0.1,0.2,0.1,.045,NA,-4.6,-0.7,-5.3,-0.1
308,Royce O'Neale,SF,29,BRK,8,295,10.0,.545,.628,.026,2.8,10.7,6.8,11.3,1.8,2.1,10.2,13.2,NA,0.1,0.0,0.2,.030,NA,-1.5,-0.7,-2.2,0.0
309,Chuma Okeke,PF,24,ORL,9,160,13.7,.635,.800,.286,7.9,18.4,13.4,13.0,0.6,0.6,9.2,11.6,NA,0.4,0.1,0.5,.151,NA,0.8,-0.6,0.2,0.1
310,Josh Okogie,SG,24,PHO,6,23,16.3,.581,.333,.333,15.0,25.3,20.1,0.0,2.1,0.0,0.0,12.9,NA,0.1,0.0,0.1,.218,NA,-0.7,0.6,-0.1,0.0
311,Onyeka Okongwu,C,22,ATL,8,159,18.9,.704,.000,.295,11.4,18.5,14.9,5.2,1.2,3.7,10.8,14.7,NA,0.4,0.2,0.6,.183,NA,-0.5,-0.4,-0.9,0.0
312,Isaac Okoro,SG,22,CLE,7,105,-3.8,.265,.556,.111,1.1,7.7,4.5,2.4,0.9,0.9,27.0,10.8,NA,-0.4,0.2,-0.2,-0.091,NA,-11.0,-0.1,-11.0,-0.2
313,KZ Okpala,PF,23,SAC,6,39,2.4,.300,.800,.000,6.2,11.6,9.0,6.2,0.0,0.0,0.0,5.5,NA,0.0,0.0,0.0,.008,NA,-5.2,-2.6,-7.8,-0.1
314,Kelly Olynyk,PF,31,UTA,9,241,14.7,.667,.403,.306,5.4,11.0,8.2,18.4,2.8,2.0,23.4,18.4,NA,0.3,0.4,0.6,.120,NA,-1.6,1.7,0.1,0.1
315,Eugene Omoruyi,SF,25,OKC,4,39,12.4,.585,.357,.643,12.3,11.4,11.9,3.6,0.0,0.0,10.0,21.1,NA,0.1,0.0,0.1,.125,NA,-4.8,-2.3,-7.1,0.0
316,Cedi Osman,SF,27,CLE,7,167,9.7,.541,.569,.224,2.1,10.4,6.3,10.5,0.3,0.5,7.3,18.1,NA,0.1,0.2,0.4,.107,NA,-1.7,0.1,-1.5,0.0
317,Kelly Oubre Jr.,SF,27,CHO,8,236,14.8,.521,.456,.152,3.5,14.9,9.2,7.2,2.4,1.1,5.7,25.0,NA,0.0,0.3,0.4,.074,NA,-0.6,-0.1,-0.8,0.1
318,Chris Paul,PG,37,PHO,7,230,17.0,.479,.406,.359,2.5,15.7,9.0,41.8,2.8,0.4,13.9,16.1,NA,0.5,0.4,0.9,.180,NA,0.8,1.9,2.7,0.3
319,Cameron Payne,PG,28,PHO,7,112,14.7,.520,.404,.105,2.1,12.5,7.2,26.0,3.5,0.9,17.9,28.0,NA,-0.1,0.2,0.1,.041,NA,-1.0,0.5,-0.4,0.0
320,Theo Pinson,SG,27,DAL,1,7,20.9,1.136,,,0.0,34.1,17.6,17.5,0.0,0.0,0.0,5.7,NA,0.0,0.0,0.0,.335,NA,3.2,4.6,7.8,0.0
Rk,Player,Pos,Age,Tm,G,MP,PER,TS%,3PAr,FTr,ORB%,DRB%,TRB%,AST%,STL%,BLK%,TOV%,USG%,NA,OWS,DWS,WS,WS/48,NA,OBPM,DBPM,BPM,VORP
321,Scotty Pippen Jr.,PG,22,LAL,1,2,39.8,1.136,,,0.0,0.0,0.0,0.0,0.0,0.0,0.0,18.1,NA,0.0,0.0,0.0,.730,NA,9.7,4.1,13.8,0.0
322,Mason Plumlee,C,32,CHO,8,196,16.0,.608,.000,.780,10.7,23.4,17.0,23.3,0.5,2.6,20.3,14.7,NA,0.3,0.3,0.6,.147,NA,-1.5,1.8,0.3,0.1
323,Jakob Poeltl,C,27,SAS,8,227,20.2,.650,.000,.426,16.6,24.7,20.6,18.0,1.0,2.4,19.8,17.9,NA,0.5,0.2,0.6,.135,NA,1.1,-0.5,0.6,0.2
324,Aleksej Pokusevski,PF,21,OKC,8,176,10.8,.445,.413,.159,7.1,17.0,11.7,9.9,1.6,5.2,14.0,18.4,NA,-0.2,0.3,0.1,.021,NA,-3.5,-0.2,-3.7,-0.1
325,Jordan Poole,SG,23,GSW,9,258,12.5,.555,.526,.284,0.9,5.7,3.2,23.2,2.0,0.3,17.1,25.2,NA,0.0,0.1,0.1,.014,NA,-1.3,-2.6,-4.0,-0.1
326,Kevin Porter Jr.,PG,22,HOU,9,314,16.5,.519,.299,.344,5.3,14.4,9.6,26.1,2.1,0.9,15.3,27.1,NA,0.1,0.2,0.4,.057,NA,1.0,-1.0,0.0,0.2
327,Michael Porter Jr.,SF,24,DEN,7,203,17.5,.625,.582,.165,6.8,20.3,13.5,6.5,0.9,0.9,8.4,22.4,NA,0.4,0.1,0.5,.129,NA,3.0,-2.6,0.4,0.1
328,Otto Porter Jr.,SF,29,TOR,1,11,28.2,.868,1.000,1.000,0.0,31.4,15.4,0.0,8.9,0.0,0.0,11.4,NA,0.0,0.0,0.1,.371,NA,3.8,7.6,11.4,0.0
329,Bobby Portis,PF,27,MIL,7,173,20.0,.542,.316,.114,13.1,28.8,21.1,9.9,0.8,1.4,6.7,21.2,NA,0.3,0.4,0.7,.200,NA,1.9,-0.2,1.7,0.2
330,Kristaps Porziņģis,PF,27,WAS,8,252,23.9,.638,.357,.330,9.4,21.6,15.6,11.6,1.2,3.7,9.6,25.6,NA,0.8,0.3,1.1,.203,NA,4.0,0.1,4.1,0.4
331,Micah Potter,PF,24,UTA,2,12,17.4,1.000,.000,.000,9.0,17.7,13.4,12.0,0.0,0.0,0.0,6.9,NA,0.1,0.0,0.1,.246,NA,1.0,0.7,1.7,0.0
332,Dwight Powell,C,31,DAL,4,56,22.3,.756,.067,.533,9.1,14.9,12.1,0.0,0.9,4.8,5.1,15.7,NA,0.2,0.1,0.3,.252,NA,2.8,0.5,3.3,0.1
333,Norman Powell,SG,29,LAC,8,207,5.4,.465,.398,.229,2.2,8.5,5.6,8.2,0.9,1.2,18.7,24.0,NA,-0.6,0.2,-0.4,-0.088,NA,-6.2,-2.5,-8.7,-0.4
334,Jason Preston,PG,23,LAC,1,3,-25.8,.000,1.000,2.000,0.0,0.0,0.0,0.0,0.0,0.0,0.0,27.7,NA,0.0,0.0,0.0,-0.715,NA,-22.6,-11.5,-34.1,0.0
335,Joshua Primo,SG,20,SAS,4,93,6.1,.467,.462,.346,2.3,13.0,7.6,24.8,0.5,1.6,26.9,17.7,NA,-0.1,0.0,-0.1,-0.056,NA,-4.4,-1.8,-6.2,-0.1
336,Taurean Prince,SF,28,MIN,8,149,14.3,.760,.659,.098,2.1,13.2,7.8,9.3,1.3,0.6,12.3,13.5,NA,0.3,0.2,0.5,.161,NA,0.4,0.2,0.6,0.1
337,Payton Pritchard,PG,25,BOS,3,17,4.7,.444,.571,.286,0.0,6.5,3.3,33.7,0.0,0.0,20.2,26.1,NA,0.0,0.0,0.0,-0.096,NA,-4.3,-4.7,-9.0,0.0
338,Immanuel Quickley,PG,23,NYK,7,163,12.9,.500,.518,.286,3.7,21.5,12.7,22.6,1.2,0.5,16.0,19.1,NA,0.0,0.2,0.3,.074,NA,-1.0,0.4,-0.7,0.1
339,Julius Randle,PF,28,NYK,7,228,14.9,.511,.287,.455,6.6,20.0,13.4,14.4,1.7,0.7,12.3,25.1,NA,0.1,0.3,0.4,.083,NA,-1.5,0.0,-1.5,0.0
340,Austin Reaves,SG,24,LAL,7,172,10.4,.684,.625,.375,1.7,8.0,4.8,9.5,1.1,0.5,13.9,10.3,NA,0.2,0.2,0.4,.121,NA,-3.0,0.8,-2.2,0.0
Rk,Player,Pos,Age,Tm,G,MP,PER,TS%,3PAr,FTr,ORB%,DRB%,TRB%,AST%,STL%,BLK%,TOV%,USG%,NA,OWS,DWS,WS,WS/48,NA,OBPM,DBPM,BPM,VORP
341,Cam Reddish,SF,23,NYK,7,128,10.4,.571,.413,.109,1.6,10.6,6.2,5.4,1.1,2.0,12.7,17.9,NA,0.0,0.1,0.1,.051,NA,-1.8,-0.1,-1.9,0.0
342,Davon Reed,SG,27,DEN,6,40,-2.9,.379,.455,.182,0.0,10.8,5.4,3.1,3.6,0.0,33.6,19.1,NA,-0.2,0.0,-0.2,-0.207,NA,-11.8,-2.5,-14.3,-0.1
343,Paul Reed,C,23,PHI,6,27,4.6,.200,.000,.000,4.5,17.5,11.1,4.7,5.6,3.6,16.7,10.3,NA,-0.1,0.1,0.0,-0.047,NA,-8.3,1.9,-6.3,0.0
344,Naz Reid,C,23,MIN,6,65,28.0,.684,.323,.194,6.4,15.2,10.9,7.9,2.9,5.4,2.9,22.0,NA,0.2,0.1,0.4,.270,NA,7.2,2.9,10.0,0.2
345,Nick Richards,C,25,CHO,8,160,21.8,.677,.000,.571,15.7,18.0,16.8,7.5,0.0,2.7,7.5,17.3,NA,0.6,0.2,0.7,.224,NA,1.7,-1.5,0.2,0.1
346,Josh Richardson,SG,29,SAS,7,166,14.4,.631,.627,.169,0.6,10.6,5.6,21.1,1.7,0.5,13.6,17.8,NA,0.3,0.0,0.3,.098,NA,0.1,-1.3,-1.2,0.0
347,Austin Rivers,SG,30,MIN,4,27,-3.5,.000,.250,.000,0.0,7.3,3.7,4.2,0.0,0.0,0.0,6.1,NA,-0.1,0.0,-0.1,-0.108,NA,-9.3,-2.9,-12.2,-0.1
348,Duncan Robinson,SF,28,MIA,9,135,10.5,.552,.714,.082,2.5,17.1,9.7,13.2,0.0,0.0,5.6,17.5,NA,0.1,0.1,0.2,.077,NA,-0.9,-1.5,-2.4,0.0
349,Mitchell Robinson,C,24,NYK,7,162,19.4,.664,.000,.424,16.7,13.2,14.9,5.8,0.9,9.4,11.3,11.3,NA,0.4,0.2,0.7,.194,NA,-0.1,1.7,1.6,0.1
350,Jeremiah Robinson-Earl,PF,22,OKC,8,143,17.5,.614,.533,.156,4.0,20.2,11.5,7.7,3.6,1.3,4.0,14.5,NA,0.3,0.3,0.6,.188,NA,0.1,1.9,2.0,0.1
351,Isaiah Roby,PF,24,SAS,5,52,14.6,.490,.429,.214,6.2,19.0,12.6,15.1,4.5,2.9,11.5,13.4,NA,0.0,0.1,0.1,.090,NA,-0.5,3.5,3.0,0.1
352,David Roddy,PF,21,MEM,8,160,6.5,.403,.596,.115,4.8,12.2,8.5,6.4,2.1,1.7,8.4,15.4,NA,-0.1,0.1,-0.1,-0.016,NA,-4.5,-1.5,-6.0,-0.2
353,Ryan Rollins,PG,20,GSW,3,4,-18.3,.000,.000,.000,0.0,28.2,14.0,27.9,0.0,0.0,50.0,20.6,NA,0.0,0.0,0.0,-0.447,NA,-26.2,-5.3,-31.4,0.0
354,Derrick Rose,PG,34,NYK,7,95,18.3,.623,.452,.071,2.1,13.3,7.8,26.7,0.5,0.9,13.9,21.9,NA,0.2,0.1,0.3,.142,NA,3.4,-0.5,3.0,0.1
355,Terrence Ross,SG,31,ORL,8,220,11.3,.582,.552,.090,2.1,8.6,5.5,6.8,1.3,0.8,4.1,14.1,NA,0.3,0.1,0.4,.094,NA,-0.9,-0.2,-1.2,0.0
356,Terry Rozier,PG,28,CHO,2,66,21.5,.505,.349,.186,6.3,16.1,11.2,42.0,0.7,3.9,11.4,33.2,NA,0.1,0.1,0.1,.103,NA,4.5,-0.7,3.8,0.1
357,D'Angelo Russell,PG,26,MIN,8,241,13.1,.491,.413,.221,2.6,11.0,6.9,26.9,2.5,2.2,18.0,23.8,NA,-0.2,0.3,0.2,.034,NA,-1.5,0.0,-1.5,0.0
358,Matt Ryan,SF,25,LAL,5,70,8.5,.596,.769,.000,1.4,5.6,3.5,2.1,0.7,0.0,7.1,16.4,NA,0.0,0.1,0.1,.064,NA,-2.5,-1.3,-3.8,0.0
359,Domantas Sabonis,PF,26,SAC,7,212,20.0,.587,.113,.535,9.1,31.0,20.3,30.2,1.3,2.0,15.4,21.1,NA,0.5,0.2,0.8,.170,NA,0.6,2.0,2.7,0.3
360,Dario Šarić,PF,28,PHO,2,7,30.5,.750,.500,.000,16.4,33.3,24.8,18.9,7.0,0.0,0.0,12.3,NA,0.0,0.0,0.1,.428,NA,10.4,7.5,17.9,0.0
Rk,Player,Pos,Age,Tm,G,MP,PER,TS%,3PAr,FTr,ORB%,DRB%,TRB%,AST%,STL%,BLK%,TOV%,USG%,NA,OWS,DWS,WS,WS/48,NA,OBPM,DBPM,BPM,VORP
361,Jordan Schakel,SF,24,WAS,2,6,25.6,.750,.500,.000,0.0,0.0,0.0,24.3,8.2,0.0,0.0,14.8,NA,0.0,0.0,0.0,.334,NA,7.4,9.0,16.4,0.0
362,Admiral Schofield,PF,25,ORL,2,17,7.5,.833,.667,.000,0.0,12.4,6.5,0.0,0.0,0.0,0.0,7.6,NA,0.0,0.0,0.0,.119,NA,-4.3,-0.6,-4.9,0.0
363,Dereon Seabron,SG,22,NOP,2,3,0.0,,,,0.0,0.0,0.0,0.0,0.0,0.0,,0.0,NA,0.0,0.0,0.0,.005,NA,-5.6,-3.8,-9.3,0.0
364,Alperen Şengün,C,20,HOU,7,190,24.4,.645,.149,.514,13.5,26.6,19.7,10.0,1.0,3.3,11.7,21.9,NA,0.6,0.2,0.8,.208,NA,3.0,-1.0,2.0,0.2
365,Collin Sexton,SG,24,UTA,9,188,16.8,.593,.333,.440,5.7,8.5,7.1,13.0,2.0,0.4,13.0,25.5,NA,0.3,0.2,0.5,.129,NA,-0.8,-0.5,-1.3,0.0
366,Landry Shamet,SG,25,PHO,5,78,11.6,.579,.720,.320,1.5,3.0,2.2,8.3,3.2,0.0,9.5,17.4,NA,0.1,0.1,0.2,.109,NA,-2.0,0.8,-1.3,0.0
367,Day'Ron Sharpe,C,21,BRK,5,71,11.4,.465,.056,.444,14.8,23.9,19.4,9.8,2.1,6.2,18.9,16.6,NA,0.0,0.1,0.0,.032,NA,-6.1,0.2,-5.8,-0.1
368,Shaedon Sharpe,SG,19,POR,7,136,11.5,.537,.300,.180,6.6,9.9,8.2,4.6,1.4,1.3,8.5,18.5,NA,0.1,0.1,0.2,.083,NA,-3.3,-1.2,-4.4,-0.1
369,Pascal Siakam,C,28,TOR,8,289,24.3,.567,.235,.412,4.6,25.9,15.1,35.9,1.2,1.7,10.9,30.4,NA,0.8,0.4,1.2,.199,NA,5.0,1.3,6.4,0.6
370,Ben Simmons,PG,26,BRK,6,191,9.6,.456,.029,.441,3.7,19.5,11.7,30.7,1.8,1.9,28.3,13.1,NA,-0.1,0.1,0.0,.007,NA,-4.1,0.4,-3.7,-0.1
371,Marko Simonovic,C,23,CHI,1,2,-19.0,.000,1.000,.000,0.0,0.0,0.0,0.0,0.0,0.0,0.0,21.2,NA,0.0,0.0,0.0,-0.481,NA,-18.7,-14.0,-32.6,0.0
372,Anfernee Simons,SG,23,POR,7,257,14.4,.571,.556,.159,1.3,7.4,4.4,17.5,1.1,0.7,12.9,25.8,NA,0.3,0.2,0.5,.086,NA,0.2,-1.8,-1.5,0.0
373,Jericho Sims,C,24,NYK,2,3,4.0,,,,0.0,32.4,16.5,0.0,0.0,0.0,,0.0,NA,0.0,0.0,0.0,.068,NA,-3.3,-0.2,-3.5,0.0
374,Marcus Smart,PG,28,BOS,7,242,10.1,.482,.612,.299,1.0,10.5,5.8,24.1,1.6,0.7,13.7,16.3,NA,0.1,0.2,0.2,.048,NA,-3.0,-0.4,-3.4,-0.1
375,Dennis Smith Jr.,PG,25,CHO,8,247,16.6,.545,.224,.082,2.5,12.1,7.3,29.5,3.5,1.4,13.7,17.2,NA,0.3,0.4,0.7,.128,NA,-1.3,2.5,1.2,0.2
376,Dru Smith,SG,25,MIA,1,6,7.7,.333,.667,.000,0.0,19.3,9.5,0.0,8.2,0.0,0.0,22.0,NA,0.0,0.0,0.0,-0.048,NA,-13.9,4.7,-9.2,0.0
377,Ish Smith,PG,34,DEN,5,23,-9.5,.250,.125,.000,0.0,9.4,4.7,10.9,0.0,3.8,33.3,22.3,NA,-0.2,0.0,-0.2,-0.344,NA,-15.8,-5.8,-21.6,-0.1
378,Jabari Smith Jr.,PF,19,HOU,9,276,6.5,.430,.533,.171,3.6,17.9,10.4,3.7,0.3,3.6,8.1,18.1,NA,-0.3,0.2,-0.1,-0.014,NA,-4.8,-2.0,-6.8,-0.3
379,Jalen Smith,PF,22,IND,8,202,14.4,.536,.354,.278,9.0,29.3,18.8,5.0,0.5,3.7,10.1,19.7,NA,0.1,0.1,0.2,.056,NA,-1.4,-2.1,-3.4,-0.1
380,Jeremy Sochan,PF,19,SAS,7,151,9.2,.488,.388,.102,5.0,15.3,10.1,10.9,1.8,1.5,12.0,15.5,NA,0.0,0.1,0.0,.013,NA,-4.0,-1.0,-5.1,-0.1
Rk,Player,Pos,Age,Tm,G,MP,PER,TS%,3PAr,FTr,ORB%,DRB%,TRB%,AST%,STL%,BLK%,TOV%,USG%,NA,OWS,DWS,WS,WS/48,NA,OBPM,DBPM,BPM,VORP
381,Jaden Springer,PG,20,PHI,2,4,54.5,.644,.000,.667,30.4,29.5,30.0,0.0,0.0,24.4,0.0,44.9,NA,0.0,0.0,0.0,.467,NA,11.6,6.7,18.3,0.0
382,Lamar Stevens,PF,25,CLE,2,4,-6.7,.000,.000,.000,0.0,28.9,14.7,0.0,0.0,0.0,0.0,11.0,NA,0.0,0.0,0.0,-0.183,NA,-10.1,-3.7,-13.7,0.0
383,Isaiah Stewart,C,21,DET,9,265,17.6,.587,.457,.617,10.2,27.0,18.3,6.3,0.5,1.6,6.4,17.3,NA,0.6,0.1,0.8,.138,NA,1.6,-2.0,-0.4,0.1
384,Max Strus,SF,26,MIA,9,281,12.9,.577,.641,.117,3.2,12.7,7.9,9.3,0.7,1.8,6.9,18.2,NA,0.3,0.2,0.5,.083,NA,0.6,-1.2,-0.6,0.1
385,Jalen Suggs,PG,21,ORL,4,106,14.8,.541,.511,.362,2.2,4.0,3.1,26.1,5.0,0.9,20.4,27.7,NA,-0.1,0.2,0.1,.031,NA,-2.7,1.0,-1.7,0.0
386,Edmond Sumner,SG,27,BRK,6,77,10.2,.505,.320,.520,0.0,7.3,3.7,20.1,1.3,1.1,16.3,21.2,NA,0.0,0.0,0.0,-0.027,NA,-3.6,-2.4,-6.0,-0.1
387,Cole Swider,SF,23,LAL,1,2,2.3,.000,1.000,.000,0.0,49.3,24.5,60.5,0.0,0.0,0.0,20.5,NA,0.0,0.0,0.0,-0.236,NA,-6.7,2.0,-4.7,0.0
388,Jae'Sean Tate,SF,27,HOU,3,68,13.7,.574,.250,.200,11.6,8.1,9.9,22.6,2.1,0.0,18.7,16.0,NA,0.1,0.0,0.1,.103,NA,-1.5,-0.2,-1.7,0.0
389,Jayson Tatum,PF,24,BOS,7,261,27.1,.670,.426,.360,2.6,21.2,12.1,19.2,1.1,3.2,11.8,30.7,NA,0.9,0.3,1.1,.210,NA,7.4,0.5,7.9,0.6
390,Terry Taylor,SG,23,IND,6,88,8.6,.437,.350,.200,7.3,11.7,9.4,7.2,1.1,4.3,4.4,10.4,NA,0.0,0.0,0.1,.039,NA,-3.4,-0.6,-3.9,0.0
391,Garrett Temple,SG,36,NOP,2,21,10.9,.750,1.000,.000,0.0,5.3,2.7,5.8,2.3,0.0,0.0,8.1,NA,0.0,0.0,0.1,.146,NA,-0.3,0.1,-0.1,0.0
392,Dalen Terry,SG,20,CHI,5,12,-18.7,.000,.400,.000,0.0,9.7,4.6,10.2,0.0,7.8,28.6,24.7,NA,-0.2,0.0,-0.1,-0.549,NA,-20.0,-6.3,-26.3,-0.1
393,Cam Thomas,SG,21,BRK,3,14,-0.6,.250,.250,.000,0.0,0.0,0.0,9.4,0.0,0.0,0.0,12.7,NA,0.0,0.0,0.0,-0.163,NA,-6.9,-5.5,-12.4,0.0
394,Klay Thompson,SG,32,GSW,8,214,9.4,.482,.628,.066,1.0,11.1,6.0,13.6,0.7,0.8,8.8,26.3,NA,-0.2,0.0,-0.2,-0.046,NA,-2.1,-4.1,-6.2,-0.2
395,JT Thor,PF,20,CHO,7,75,6.0,.444,.643,.286,4.2,17.0,10.5,3.3,0.6,4.6,16.0,10.4,NA,-0.1,0.1,0.0,.020,NA,-5.7,0.4,-5.2,-0.1
396,Matisse Thybulle,SG,25,PHI,8,80,7.1,.413,.583,.250,1.5,10.3,6.0,8.0,3.1,2.4,7.0,8.3,NA,0.0,0.1,0.1,.032,NA,-3.7,1.9,-1.8,0.0
397,Xavier Tillman Sr.,PF,24,MEM,5,59,14.0,.546,.167,.389,14.8,16.5,15.7,7.1,0.0,3.1,15.9,17.5,NA,0.0,0.0,0.0,.035,NA,-0.7,-2.8,-3.4,0.0
398,Isaiah Todd,PF,21,WAS,3,9,0.0,.333,.667,.000,0.0,0.0,0.0,0.0,0.0,0.0,0.0,14.8,NA,0.0,0.0,0.0,-0.121,NA,-6.8,-4.5,-11.3,0.0
399,Obi Toppin,PF,24,NYK,7,112,19.6,.629,.444,.037,5.4,15.6,10.6,12.6,0.4,0.8,8.4,22.1,NA,0.3,0.1,0.4,.156,NA,4.7,-0.8,4.0,0.2
400,Juan Toscano-Anderson,SF,29,LAL,4,66,4.2,.453,.533,.067,0.0,19.4,9.7,6.2,1.4,0.0,16.3,11.5,NA,-0.1,0.1,0.0,.012,NA,-7.7,0.6,-7.1,-0.1
Rk,Player,Pos,Age,Tm,G,MP,PER,TS%,3PAr,FTr,ORB%,DRB%,TRB%,AST%,STL%,BLK%,TOV%,USG%,NA,OWS,DWS,WS,WS/48,NA,OBPM,DBPM,BPM,VORP
401,Karl-Anthony Towns,PF,27,MIN,8,284,18.3,.594,.372,.295,5.8,17.3,11.7,23.3,0.8,1.2,15.6,25.1,NA,0.5,0.3,0.8,.136,NA,2.3,-0.4,1.9,0.3
402,Gary Trent Jr.,SG,24,TOR,8,285,15.7,.575,.527,.178,3.1,3.6,3.4,5.9,1.9,0.4,4.8,22.2,NA,0.4,0.3,0.7,.114,NA,0.9,-1.2,-0.3,0.1
403,P.J. Tucker,PF,37,PHI,9,258,8.5,.739,.514,.054,6.1,11.4,8.8,2.6,1.0,1.5,20.9,8.6,NA,0.2,0.1,0.4,.066,NA,-2.1,-1.2,-3.2,-0.1
404,Myles Turner,C,26,IND,3,77,15.1,.522,.379,.655,4.2,26.6,15.0,10.6,0.6,13.5,17.6,23.7,NA,0.0,0.1,0.1,.040,NA,-4.1,1.4,-2.7,0.0
405,Jonas Valančiūnas,C,30,NOP,7,180,24.5,.604,.143,.390,16.3,29.0,22.7,15.2,1.1,1.5,10.9,23.8,NA,0.6,0.3,0.9,.234,NA,3.9,-1.1,2.9,0.2
406,Jarred Vanderbilt,PF,23,UTA,9,228,16.1,.617,.169,.254,9.5,26.1,17.8,16.6,2.9,1.8,21.5,15.2,NA,0.3,0.5,0.7,.155,NA,-1.9,2.8,0.9,0.2
407,Fred VanVleet,PG,28,TOR,6,228,16.3,.518,.544,.309,2.9,9.1,6.0,26.8,3.2,1.8,8.3,16.0,NA,0.4,0.3,0.8,.165,NA,1.1,2.4,3.5,0.3
408,Devin Vassell,SG,22,SAS,4,130,16.6,.541,.500,.242,0.8,16.1,8.4,20.7,1.8,0.0,5.2,23.9,NA,0.2,0.1,0.3,.098,NA,2.0,-0.8,1.1,0.1
409,Gabe Vincent,PG,26,MIA,9,207,7.6,.470,.492,.222,2.2,8.9,5.5,21.4,1.4,0.5,16.8,17.7,NA,-0.1,0.1,0.0,-0.001,NA,-4.6,-0.8,-5.4,-0.2
410,Noah Vonleh,C,27,BOS,6,73,8.6,.538,.000,.000,14.2,15.2,14.7,1.9,1.4,6.8,27.8,11.1,NA,0.0,0.1,0.1,.054,NA,-6.4,0.5,-6.0,-0.1
411,Nikola Vučević,C,32,CHI,9,280,17.1,.530,.336,.252,11.3,33.5,21.8,13.9,0.3,2.7,12.6,22.9,NA,0.3,0.4,0.7,.119,NA,0.5,-0.4,0.0,0.1
412,Dean Wade,PF,26,CLE,7,174,15.4,.787,.692,.282,2.7,13.9,8.4,7.4,0.9,1.0,6.4,11.8,NA,0.5,0.3,0.8,.222,NA,2.9,2.2,5.0,0.3
413,Franz Wagner,SF,21,ORL,9,307,12.1,.514,.285,.192,4.1,8.2,6.3,19.3,1.3,1.2,16.1,23.4,NA,-0.1,0.2,0.1,.013,NA,-1.8,-1.8,-3.7,-0.1
414,Jabari Walker,SF,20,POR,3,13,22.9,.667,.333,.000,8.6,34.4,21.5,34.9,0.0,0.0,0.0,9.9,NA,0.1,0.0,0.1,.285,NA,5.5,1.9,7.4,0.0
415,Lonnie Walker IV,SG,24,LAL,7,229,13.2,.535,.427,.229,2.1,7.7,4.9,10.9,1.6,2.5,8.6,20.8,NA,0.0,0.3,0.4,.076,NA,-1.4,0.7,-0.7,0.1
416,John Wall,PG,32,LAC,6,122,18.8,.519,.286,.333,2.8,7.2,5.2,39.4,2.4,1.4,13.2,30.2,NA,0.0,0.2,0.2,.083,NA,1.6,-0.3,1.3,0.1
417,Duane Washington Jr.,SG,22,PHO,3,4,-10.5,.250,.500,.000,0.0,0.0,0.0,0.0,0.0,0.0,0.0,43.1,NA,0.0,0.0,0.0,-0.480,NA,-19.5,-13.4,-32.9,0.0
418,P.J. Washington,PF,24,CHO,8,249,12.4,.551,.382,.127,3.8,12.4,8.0,9.0,0.6,3.4,12.1,22.1,NA,0.0,0.2,0.2,.048,NA,-2.0,-0.9,-3.0,-0.1
419,Yuta Watanabe,SF,28,BRK,7,108,9.7,.742,.600,.100,2.2,11.5,6.9,2.6,0.0,2.5,8.7,9.4,NA,0.1,0.0,0.1,.048,NA,-0.4,-2.1,-2.5,0.0
420,Lindy Waters III,SG,25,OKC,2,16,-1.1,.250,1.000,.000,6.0,6.9,6.4,0.0,0.0,0.0,0.0,15.5,NA,0.0,0.0,0.0,-0.119,NA,-7.9,-5.6,-13.6,0.0
Rk,Player,Pos,Age,Tm,G,MP,PER,TS%,3PAr,FTr,ORB%,DRB%,TRB%,AST%,STL%,BLK%,TOV%,USG%,NA,OWS,DWS,WS,WS/48,NA,OBPM,DBPM,BPM,VORP
421,Peyton Watson,SG,20,DEN,4,9,15.9,.429,.000,.000,23.8,12.1,18.0,0.0,0.0,0.0,0.0,33.2,NA,0.0,0.0,0.0,-0.010,NA,-1.2,-7.6,-8.8,0.0
422,Blake Wesley,SG,19,SAS,2,23,19.9,.743,.333,.444,4.7,4.8,4.7,28.2,0.0,0.0,15.7,22.3,NA,0.1,0.0,0.1,.139,NA,3.3,-1.7,1.7,0.0
423,Russell Westbrook,PG,34,LAL,6,175,11.7,.457,.312,.312,3.9,20.3,12.1,28.5,1.8,0.9,17.8,25.0,NA,-0.3,0.3,0.0,-0.002,NA,-3.6,0.9,-2.8,0.0
424,Coby White,PG,22,CHI,7,153,7.5,.483,.618,.164,0.7,8.3,4.3,11.5,1.6,0.0,9.2,18.0,NA,-0.1,0.2,0.1,.025,NA,-4.2,-0.9,-5.1,-0.1
425,Derrick White,SG,28,BOS,7,189,12.0,.582,.542,.208,2.4,11.7,7.2,16.5,1.0,2.2,8.7,13.6,NA,0.3,0.1,0.4,.108,NA,-0.7,0.6,-0.2,0.1
426,Jack White,SF,25,DEN,2,4,15.6,,,,0.0,27.1,13.5,0.0,11.9,0.0,,0.0,NA,0.0,0.0,0.0,.172,NA,-3.2,9.5,6.4,0.0
427,Aaron Wiggins,SG,24,OKC,6,145,10.5,.513,.429,.257,4.0,19.9,11.4,7.9,1.3,1.3,9.3,12.2,NA,0.1,0.2,0.3,.085,NA,-2.5,-0.3,-2.9,0.0
428,Andrew Wiggins,SF,27,GSW,9,300,16.9,.566,.419,.171,5.9,13.1,9.5,12.5,1.7,3.3,5.5,20.2,NA,0.5,0.2,0.7,.113,NA,1.5,-0.9,0.7,0.2
429,Grant Williams,PF,24,BOS,6,155,17.2,.847,.700,.367,3.0,16.5,9.8,8.4,1.0,3.2,5.4,10.7,NA,0.5,0.1,0.7,.207,NA,2.9,1.6,4.4,0.2
430,Jalen Williams,SG,21,OKC,4,69,13.9,.632,.208,.125,0.0,6.4,3.0,12.8,4.1,1.3,21.7,19.4,NA,0.0,0.1,0.1,.070,NA,-3.5,2.6,-0.9,0.0
431,Jaylin Williams,PF,20,OKC,1,8,29.4,.450,.000,.250,36.0,41.6,38.6,39.4,0.0,0.0,0.0,22.9,NA,0.0,0.0,0.0,.290,NA,5.6,-0.1,5.5,0.0
432,Kenrich Williams,PF,28,OKC,7,148,12.6,.532,.350,.075,9.1,12.7,10.8,9.8,1.3,1.2,6.8,12.4,NA,0.2,0.2,0.4,.116,NA,-1.4,-0.8,-2.2,0.0
433,Mark Williams,C,21,CHO,3,13,27.3,.661,.000,.429,32.2,32.8,32.5,0.0,0.0,0.0,19.4,33.1,NA,0.0,0.0,0.1,.196,NA,1.3,-3.4,-2.1,0.0
434,Patrick Williams,PF,21,CHI,9,212,11.0,.592,.377,.180,3.5,10.4,6.8,3.5,2.0,2.6,16.5,15.8,NA,0.0,0.3,0.3,.069,NA,-2.4,0.8,-1.7,0.0
435,Vince Williams Jr.,SG,22,MEM,2,11,3.4,.200,.800,.000,9.9,19.7,14.8,11.5,4.3,0.0,0.0,18.7,NA,0.0,0.0,0.0,-0.097,NA,-8.8,-0.3,-9.1,0.0
436,Zion Williamson,PF,22,NOP,5,158,21.4,.536,.011,.274,8.6,17.5,13.1,21.9,2.2,1.1,10.9,32.0,NA,0.2,0.2,0.4,.115,NA,1.4,-0.3,1.1,0.1
437,Justise Winslow,SF,26,POR,6,148,12.7,.431,.214,.238,9.1,13.6,11.4,17.0,3.3,2.4,13.1,15.4,NA,0.0,0.2,0.3,.088,NA,-1.9,2.1,0.3,0.1
438,James Wiseman,C,21,GSW,9,121,16.7,.614,.000,.404,8.2,23.3,15.7,8.7,0.4,3.0,9.8,20.9,NA,0.2,0.1,0.3,.115,NA,-2.4,-1.5,-3.9,-0.1
439,Christian Wood,PF,27,DAL,7,179,21.9,.678,.315,.507,7.8,32.0,20.3,4.8,0.3,2.0,16.0,26.7,NA,0.4,0.2,0.6,.164,NA,2.4,-1.3,1.1,0.1
440,Delon Wright,PG,30,WAS,4,91,16.9,.496,.500,.208,5.2,7.5,6.4,19.2,6.0,4.1,13.2,14.7,NA,0.0,0.2,0.2,.124,NA,0.3,6.3,6.6,0.2
Rk,Player,Pos,Age,Tm,G,MP,PER,TS%,3PAr,FTr,ORB%,DRB%,TRB%,AST%,STL%,BLK%,TOV%,USG%,NA,OWS,DWS,WS,WS/48,NA,OBPM,DBPM,BPM,VORP
441,McKinley Wright IV,PG,24,DAL,1,5,26.5,.250,.250,.000,25.3,23.9,24.6,64.7,10.1,0.0,0.0,36.0,NA,0.0,0.0,0.0,.071,NA,-0.7,6.9,6.3,0.0
442,Thaddeus Young,PF,34,TOR,5,40,14.0,.466,.417,.167,5.5,14.4,9.9,10.2,6.1,0.0,7.2,15.0,NA,0.0,0.1,0.1,.115,NA,-3.0,3.0,0.0,0.0
443,Trae Young,PG,24,ATL,8,273,21.8,.527,.352,.380,2.7,8.5,5.6,41.4,0.7,0.3,10.7,35.9,NA,0.5,0.1,0.6,.111,NA,5.6,-3.5,2.2,0.3
444,Ivica Zubac,C,25,LAC,8,230,15.6,.602,.020,.431,10.5,28.9,20.5,7.1,0.4,7.7,21.9,14.9,NA,0.1,0.5,0.6,.124,NA,-3.2,1.5,-1.7,0.0
